   0.000000  0.943875  1.000000E-02
   1.000000E-02  0.956306  1.025000E-02
   2.000000E-02  0.967782  1.050000E-02
   3.000000E-02  0.931986  1.075000E-02
   4.000000E-02  0.965174  1.100000E-02
   5.000000E-02  0.962111  1.125000E-02
   6.000000E-02  0.952809  1.150000E-02
   7.000000E-02  0.949485  1.175000E-02
   8.000000E-02  0.937889  1.200000E-02
   9.000000E-02  0.924554  1.225000E-02
   0.100000  0.933869  1.250000E-02
   0.110000  0.950053  1.275000E-02
   0.120000  0.950157  1.300000E-02
   0.130000  0.954261  1.325000E-02
   0.140000  0.971503  1.350000E-02
   0.150000  0.966361  1.375000E-02
   0.160000  0.977125  1.400000E-02
   0.170000  0.966559  1.425000E-02
   0.180000  0.943450  1.450000E-02
   0.190000  0.971185  1.475000E-02
   0.200000  0.960621  1.500000E-02
   0.210000  0.956425  1.525000E-02
   0.220000  0.949524  1.550000E-02
   0.230000  0.941803  1.575000E-02
   0.240000  0.961678  1.600000E-02
   0.250000  0.957189  1.625000E-02
   0.260000  0.948449  1.650000E-02
   0.270000  0.968014  1.675000E-02
   0.280000  0.934539  1.700000E-02
   0.290000  0.930074  1.725000E-02
   0.300000  0.934553  1.750000E-02
   0.310000  0.955462  1.775000E-02
   0.320000  0.942159  1.800000E-02
   0.330000  0.974022  1.825000E-02
   0.340000  0.987437  1.850000E-02
   0.350000  0.976270  1.875000E-02
   0.360000  0.945429  1.900000E-02
   0.370000  0.971235  1.925000E-02
   0.380000  0.958692  1.950000E-02
   0.390000  0.964486  1.975000E-02
   0.400000  0.975659  2.000000E-02
   0.410000  0.969996  2.025000E-02
   0.420000  0.956550  2.050000E-02
   0.430000  0.933140  2.075000E-02
   0.440000  0.969990  2.100000E-02
   0.450000  1.00428  2.125000E-02
   0.460000  0.968384  2.150000E-02
   0.470000  0.943944  2.175000E-02
   0.480000  0.967355  2.200000E-02
   0.490000  1.00372  2.225000E-02
   0.500000  0.962323  2.250000E-02
   0.510000  0.994461  2.275000E-02
   0.520000  1.00521  2.300000E-02
   0.530000  0.997939  2.325000E-02
   0.540000  0.991149  2.350000E-02
   0.550000  1.01425  2.375000E-02
   0.560000  1.00213  2.400000E-02
   0.570000  0.967953  2.425000E-02
   0.580000  0.975180  2.450000E-02
   0.590000  1.00247  2.475000E-02
   0.600000  0.958097  2.500000E-02
   0.610000  0.955237  2.525000E-02
   0.620000  0.950066  2.550000E-02
   0.630000  0.969589  2.575000E-02
   0.640000  1.02934  2.600000E-02
   0.650000  0.980587  2.625000E-02
   0.660000  1.02031  2.650000E-02
   0.670000  0.995313  2.675000E-02
   0.680000  1.06067  2.700000E-02
   0.690000  0.971815  2.725000E-02
   0.700000  0.971870  2.750000E-02
   0.710000  1.01579  2.775000E-02
   0.720000  1.05016  2.800000E-02
   0.730000  0.964527  2.825000E-02
   0.740000  1.02942  2.850000E-02
   0.750000  1.02000  2.875000E-02
   0.760000  1.02044  2.900000E-02
   0.770000  1.03658  2.925000E-02
   0.780000  1.02304  2.950000E-02
   0.790000  0.960676  2.975000E-02
   0.800000  1.01076  3.000000E-02
   0.810000  0.975986  3.025000E-02
   0.820000  1.05065  3.050000E-02
   0.830000  0.982269  3.075000E-02
   0.840000  1.00481  3.100000E-02
   0.850000  1.04631  3.125000E-02
   0.860000  0.983116  3.150000E-02
   0.870000  1.00304  3.175000E-02
   0.880000  1.03995  3.200000E-02
   0.890000  0.988016  3.225000E-02
   0.900000  1.03768  3.250000E-02
   0.910000  1.06350  3.275000E-02
   0.920000  0.980968  3.300000E-02
   0.930000  1.01305  3.325000E-02
   0.940000  1.04164  3.350000E-02
   0.950000  1.01964  3.375000E-02
   0.960000  1.06668  3.400000E-02
   0.970000  1.09385  3.425000E-02
   0.980000  1.12239  3.450000E-02
   0.990000  1.02261  3.475000E-02
   1.00000  1.10108  3.500000E-02
