 # Histogram label : by
 -0.10000000E+02  0.50000000E+01
 -0.99000000E+01  0.20000000E+01
 -0.98000000E+01  0.80000000E+01
 -0.97000000E+01  0.50000000E+01
 -0.96000000E+01  0.10000000E+02
 -0.95000000E+01  0.60000000E+01
 -0.94000000E+01  0.80000000E+01
 -0.93000000E+01  0.40000000E+01
 -0.92000000E+01  0.17000000E+02
 -0.91000000E+01  0.60000000E+01
 -0.90000000E+01  0.50000000E+01
 -0.89000000E+01  0.60000000E+01
 -0.88000000E+01  0.12000000E+02
 -0.87000000E+01  0.90000000E+01
 -0.86000000E+01  0.10000000E+01
 -0.85000000E+01  0.70000000E+01
 -0.84000000E+01  0.70000000E+01
 -0.83000000E+01  0.13000000E+02
 -0.82000000E+01  0.70000000E+01
 -0.81000000E+01  0.90000000E+01
 -0.80000000E+01  0.11000000E+02
 -0.79000000E+01  0.10000000E+02
 -0.78000000E+01  0.11000000E+02
 -0.77000000E+01  0.60000000E+01
 -0.76000000E+01  0.90000000E+01
 -0.75000000E+01  0.12000000E+02
 -0.74000000E+01  0.12000000E+02
 -0.73000000E+01  0.11000000E+02
 -0.72000000E+01  0.11000000E+02
 -0.71000000E+01  0.13000000E+02
 -0.70000000E+01  0.13000000E+02
 -0.69000000E+01  0.80000000E+01
 -0.68000000E+01  0.17000000E+02
 -0.67000000E+01  0.21000000E+02
 -0.66000000E+01  0.14000000E+02
 -0.65000000E+01  0.11000000E+02
 -0.64000000E+01  0.19000000E+02
 -0.63000000E+01  0.14000000E+02
 -0.62000000E+01  0.13000000E+02
 -0.61000000E+01  0.14000000E+02
 -0.60000000E+01  0.20000000E+02
 -0.59000000E+01  0.18000000E+02
 -0.58000000E+01  0.15000000E+02
 -0.57000000E+01  0.17000000E+02
 -0.56000000E+01  0.20000000E+02
 -0.55000000E+01  0.16000000E+02
 -0.54000000E+01  0.13000000E+02
 -0.53000000E+01  0.26000000E+02
 -0.52000000E+01  0.19000000E+02
 -0.51000000E+01  0.16000000E+02
 -0.50000000E+01  0.19000000E+02
 -0.49000000E+01  0.18000000E+02
 -0.48000000E+01  0.25000000E+02
 -0.47000000E+01  0.24000000E+02
 -0.46000000E+01  0.26000000E+02
 -0.45000000E+01  0.22000000E+02
 -0.44000000E+01  0.23000000E+02
 -0.43000000E+01  0.22000000E+02
 -0.42000000E+01  0.30000000E+02
 -0.41000000E+01  0.18000000E+02
 -0.40000000E+01  0.24000000E+02
 -0.39000000E+01  0.16000000E+02
 -0.38000000E+01  0.26000000E+02
 -0.37000000E+01  0.18000000E+02
 -0.36000000E+01  0.35000000E+02
 -0.35000000E+01  0.27000000E+02
 -0.34000000E+01  0.33000000E+02
 -0.33000000E+01  0.28000000E+02
 -0.32000000E+01  0.22000000E+02
 -0.31000000E+01  0.29000000E+02
 -0.30000000E+01  0.35000000E+02
 -0.29000000E+01  0.32000000E+02
 -0.28000000E+01  0.33000000E+02
 -0.27000000E+01  0.26000000E+02
 -0.26000000E+01  0.40000000E+02
 -0.25000000E+01  0.33000000E+02
 -0.24000000E+01  0.33000000E+02
 -0.23000000E+01  0.38000000E+02
 -0.22000000E+01  0.27000000E+02
 -0.21000000E+01  0.39000000E+02
 -0.20000000E+01  0.32000000E+02
 -0.19000000E+01  0.41000000E+02
 -0.18000000E+01  0.48000000E+02
 -0.17000000E+01  0.34000000E+02
 -0.16000000E+01  0.34000000E+02
 -0.15000000E+01  0.37000000E+02
 -0.14000000E+01  0.37000000E+02
 -0.13000000E+01  0.50000000E+02
 -0.12000000E+01  0.46000000E+02
 -0.11000000E+01  0.50000000E+02
 -0.10000000E+01  0.47000000E+02
 -0.90000000E+00  0.52000000E+02
 -0.80000000E+00  0.49000000E+02
 -0.70000000E+00  0.38000000E+02
 -0.60000000E+00  0.55000000E+02
 -0.50000000E+00  0.55000000E+02
 -0.40000000E+00  0.55000000E+02
 -0.30000000E+00  0.56000000E+02
 -0.20000000E+00  0.62000000E+02
 -0.10000000E+00  0.60000000E+02
  0.00000000E+00  0.55000000E+02
  0.10000000E+00  0.47000000E+02
  0.20000000E+00  0.63000000E+02
  0.30000000E+00  0.73000000E+02
  0.40000000E+00  0.76000000E+02
  0.50000000E+00  0.58000000E+02
  0.60000000E+00  0.64000000E+02
  0.70000000E+00  0.59000000E+02
  0.80000000E+00  0.77000000E+02
  0.90000000E+00  0.65000000E+02
  0.10000000E+01  0.64000000E+02
  0.11000000E+01  0.86000000E+02
  0.12000000E+01  0.64000000E+02
  0.13000000E+01  0.77000000E+02
  0.14000000E+01  0.61000000E+02
  0.15000000E+01  0.78000000E+02
  0.16000000E+01  0.80000000E+02
  0.17000000E+01  0.86000000E+02
  0.18000000E+01  0.92000000E+02
  0.19000000E+01  0.71000000E+02
  0.20000000E+01  0.72000000E+02
  0.21000000E+01  0.81000000E+02
  0.22000000E+01  0.97000000E+02
  0.23000000E+01  0.98000000E+02
  0.24000000E+01  0.10600000E+03
  0.25000000E+01  0.91000000E+02
  0.26000000E+01  0.91000000E+02
  0.27000000E+01  0.11000000E+03
  0.28000000E+01  0.95000000E+02
  0.29000000E+01  0.10200000E+03
  0.30000000E+01  0.10400000E+03
  0.31000000E+01  0.10300000E+03
  0.32000000E+01  0.92000000E+02
  0.33000000E+01  0.11700000E+03
  0.34000000E+01  0.10000000E+03
  0.35000000E+01  0.10000000E+03
  0.36000000E+01  0.11600000E+03
  0.37000000E+01  0.13100000E+03
  0.38000000E+01  0.10800000E+03
  0.39000000E+01  0.10400000E+03
  0.40000000E+01  0.11600000E+03
  0.41000000E+01  0.10000000E+03
  0.42000000E+01  0.10800000E+03
  0.43000000E+01  0.13300000E+03
  0.44000000E+01  0.15300000E+03
  0.45000000E+01  0.12900000E+03
  0.46000000E+01  0.13300000E+03
  0.47000000E+01  0.13300000E+03
  0.48000000E+01  0.13800000E+03
  0.49000000E+01  0.14500000E+03
  0.50000000E+01  0.16700000E+03
  0.51000000E+01  0.15000000E+03
  0.52000000E+01  0.16000000E+03
  0.53000000E+01  0.17000000E+03
  0.54000000E+01  0.14200000E+03
  0.55000000E+01  0.17300000E+03
  0.56000000E+01  0.15800000E+03
  0.57000000E+01  0.17100000E+03
  0.58000000E+01  0.15600000E+03
  0.59000000E+01  0.16200000E+03
  0.60000000E+01  0.18100000E+03
  0.61000000E+01  0.18000000E+03
  0.62000000E+01  0.19000000E+03
  0.63000000E+01  0.20800000E+03
  0.64000000E+01  0.17300000E+03
  0.65000000E+01  0.18300000E+03
  0.66000000E+01  0.18600000E+03
  0.67000000E+01  0.20900000E+03
  0.68000000E+01  0.17600000E+03
  0.69000000E+01  0.20400000E+03
  0.70000000E+01  0.20700000E+03
  0.71000000E+01  0.22900000E+03
  0.72000000E+01  0.20700000E+03
  0.73000000E+01  0.19000000E+03
  0.74000000E+01  0.21700000E+03
  0.75000000E+01  0.19900000E+03
  0.76000000E+01  0.23300000E+03
  0.77000000E+01  0.22400000E+03
  0.78000000E+01  0.25000000E+03
  0.79000000E+01  0.22200000E+03
  0.80000000E+01  0.27500000E+03
  0.81000000E+01  0.24400000E+03
  0.82000000E+01  0.25100000E+03
  0.83000000E+01  0.25100000E+03
  0.84000000E+01  0.23200000E+03
  0.85000000E+01  0.27400000E+03
  0.86000000E+01  0.25000000E+03
  0.87000000E+01  0.24600000E+03
  0.88000000E+01  0.30000000E+03
  0.89000000E+01  0.27900000E+03
  0.90000000E+01  0.27600000E+03
  0.91000000E+01  0.30000000E+03
  0.92000000E+01  0.29900000E+03
  0.93000000E+01  0.31800000E+03
  0.94000000E+01  0.31700000E+03
  0.95000000E+01  0.32600000E+03
  0.96000000E+01  0.30700000E+03
  0.97000000E+01  0.31900000E+03
  0.98000000E+01  0.28600000E+03
  0.99000000E+01  0.28900000E+03
  0.10000000E+02  0.00000000E+00
