  0.000000000000000E+000  1.486719514734298E-006
  1.000000000000000E-002  1.562867108949290E-006
  2.000000000000000E-002  1.642750588045071E-006
  3.000000000000000E-002  1.726544521677074E-006
  4.000000000000000E-002  1.814431190182031E-006
  5.000000000000000E-002  1.906600903122811E-006
  6.000000000000000E-002  2.003252329948489E-006
  7.000000000000001E-002  2.104592843183130E-006
  8.000000000000000E-002  2.210838874568421E-006
  9.000000000000000E-002  2.322216284597997E-006
  0.100000000000000       2.438960745893352E-006
  0.110000000000000       2.561318140884545E-006
  0.120000000000000       2.689544974271524E-006
  0.130000000000000       2.823908800755821E-006
  0.140000000000000       2.964688668545273E-006
  0.150000000000000       3.112175579148945E-006
  0.160000000000000       3.266672963993275E-006
  0.170000000000000       3.428497178405039E-006
  0.180000000000000       3.597978013521247E-006
  0.190000000000000       3.775459226701349E-006
  0.200000000000000       3.961299091032075E-006
  0.210000000000000       4.155870964531201E-006
  0.220000000000000       4.359563879671637E-006
  0.230000000000000       4.572783153864145E-006
  0.240000000000000       4.795951021552522E-006
  0.250000000000000       5.029507288592446E-006
  0.260000000000000       5.273910009601304E-006
  0.270000000000000       5.529636188984052E-006
  0.280000000000000       5.797182506357288E-006
  0.290000000000000       6.077066067111116E-006
  0.300000000000000       6.369825178867090E-006
  0.310000000000000       6.676020154607462E-006
  0.320000000000000       6.996234143270405E-006
  0.330000000000000       7.331073988623946E-006
  0.340000000000000       7.681171117250455E-006
  0.350000000000000       8.047182456492295E-006
  0.360000000000000       8.429791383228772E-006
  0.370000000000000       8.829708704374098E-006
  0.380000000000000       9.247673670005617E-006
  0.390000000000000       9.684455020051437E-006
  0.400000000000000       1.014085206548676E-005
  0.410000000000000       1.061769580500839E-005
  0.420000000000000       1.111585007817779E-005
  0.430000000000000       1.163621275604267E-005
  0.440000000000000       1.217971697026870E-005
  0.450000000000000       1.274733238183347E-005
  0.460000000000000       1.334006649035584E-005
  0.470000000000000       1.395896598515477E-005
  0.480000000000000       1.460511813915294E-005
  0.490000000000000       1.527965224676162E-005
  0.500000000000000       1.598374110690548E-005
  0.510000000000000       1.671860255236507E-005
  0.520000000000000       1.748550102663914E-005
  0.530000000000000       1.828574920954738E-005
  0.540000000000000       1.912070969281774E-005
  0.550000000000000       1.999179670692279E-005
  0.560000000000000       2.090047790045048E-005
  0.570000000000000       2.184827617331647E-005
  0.580000000000000       2.283677156514692E-005
  0.590000000000000       2.386760320017960E-005
  0.600000000000000       2.494247129005354E-005
  0.610000000000000       2.606313919587835E-005
  0.620000000000000       2.723143555099261E-005
  0.630000000000000       2.844925644584431E-005
  0.640000000000000       2.971856767644220E-005
  0.650000000000000       3.104140705785027E-005
  0.660000000000000       3.241988680421378E-005
  0.670000000000000       3.385619597682789E-005
  0.680000000000000       3.535260300177310E-005
  0.690000000000000       3.691145825866607E-005
  0.700000000000000       3.853519674208713E-005
  0.710000000000000       4.022634079726497E-005
  0.720000000000000       4.198750293161732E-005
  0.730000000000000       4.382138870375812E-005
  0.740000000000000       4.573079969160131E-005
  0.750000000000000       4.771863654120495E-005
  0.760000000000000       4.978790209801209E-005
  0.770000000000000       5.194170462215978E-005
  0.780000000000000       5.418326108954014E-005
  0.790000000000000       5.651590058030741E-005
  0.800000000000000       5.894306775653985E-005
  0.810000000000000       6.146832643076943E-005
  0.820000000000000       6.409536322710610E-005
  0.830000000000000       6.682799133669061E-005
  0.840000000000000       6.967015436921434E-005
  0.850000000000000       7.262593030225234E-005
  0.860000000000000       7.569953553016121E-005
  0.870000000000000       7.889532901429309E-005
  0.880000000000000       8.221781653628600E-005
  0.890000000000000       8.567165505618186E-005
  0.900000000000000       8.926165717713293E-005
  0.910000000000000       9.299279571844591E-005
  0.920000000000000       9.687020839871927E-005
  0.930000000000000       1.008992026308144E-004
  0.940000000000000       1.050852604304001E-004
  0.950000000000000       1.094340434398006E-004
  0.960000000000000       1.139513980688646E-004
  0.970000000000000       1.186433607545658E-004
  0.980000000000000       1.235161633410237E-004
  0.990000000000000       1.285762385816211E-004
   1.00000000000000       1.338302257648854E-004
   1.01000000000000       1.392849764657599E-004
   1.02000000000000       1.449475604238911E-004
   1.03000000000000       1.508252715505181E-004
   1.04000000000000       1.569256340655323E-004
   1.05000000000000       1.632564087662420E-004
   1.06000000000000       1.698255994293436E-004
   1.07000000000000       1.766414593475712E-004
   1.08000000000000       1.837124980024571E-004
   1.09000000000000       1.910474878745976E-004
   1.10000000000000       1.986554713927727E-004
   1.11000000000000       2.065457680232259E-004
   1.12000000000000       2.147279815003670E-004
   1.13000000000000       2.232120072001021E-004
   1.14000000000000       2.320080396569419E-004
   1.15000000000000       2.411265802259932E-004
   1.16000000000000       2.505784448908607E-004
   1.17000000000000       2.603747722184425E-004
   1.18000000000000       2.705270314615208E-004
   1.19000000000000       2.810470308099863E-004
   1.20000000000000       2.919469257914603E-004
   1.21000000000000       3.032392278220042E-004
   1.22000000000000       3.149368129075216E-004
   1.23000000000000       3.270529304963750E-004
   1.24000000000000       3.396012124836548E-004
   1.25000000000000       3.525956823674455E-004
   1.26000000000000       3.660507645573350E-004
   1.27000000000000       3.799812938353215E-004
   1.28000000000000       3.944025249691569E-004
   1.29000000000000       4.093301424780789E-004
   1.30000000000000       4.247802705507514E-004
   1.31000000000000       4.407694831151325E-004
   1.32000000000000       4.573148140598576E-004
   1.33000000000000       4.744337676066206E-004
   1.34000000000000       4.921443288328931E-004
   1.35000000000000       5.104649743441856E-004
   1.36000000000000       5.294146830949357E-004
   1.37000000000000       5.490129473569587E-004
   1.38000000000000       5.692797838342526E-004
   1.39000000000000       5.902357449227851E-004
   1.40000000000000       6.119019301137719E-004
   1.41000000000000       6.342999975387576E-004
   1.42000000000000       6.574521756546766E-004
   1.43000000000000       6.813812750668916E-004
   1.44000000000000       7.061107004880362E-004
   1.45000000000000       7.316644628303109E-004
   1.46000000000000       7.580671914287103E-004
   1.47000000000000       7.853441463924686E-004
   1.48000000000000       8.135212310818085E-004
   1.49000000000000       8.426250047069028E-004
   1.50000000000000       8.726826950457602E-004
   1.51000000000000       9.037222112775245E-004
   1.52000000000000       9.357721569274798E-004
   1.53000000000000       9.688618429198468E-004
   1.54000000000000       1.003021300734238E-003
   1.55000000000000       1.038281295661410E-003
   1.56000000000000       1.074673340153736E-003
   1.57000000000000       1.112229707265567E-003
   1.58000000000000       1.150983444178485E-003
   1.59000000000000       1.190968385806117E-003
   1.60000000000000       1.232219168473020E-003
   1.61000000000000       1.274771243661835E-003
   1.62000000000000       1.318660891822742E-003
   1.63000000000000       1.363925236238904E-003
   1.64000000000000       1.410602256941383E-003
   1.65000000000000       1.458730804666746E-003
   1.66000000000000       1.508350614850307E-003
   1.67000000000000       1.559502321647691E-003
   1.68000000000000       1.612227471977123E-003
   1.69000000000000       1.666568539574580E-003
   1.70000000000000       1.722568939053681E-003
   1.71000000000000       1.780273039961879E-003
   1.72000000000000       1.839726180824278E-003
   1.73000000000000       1.900974683166080E-003
   1.74000000000000       1.964065865504376E-003
   1.75000000000000       2.029048057299768E-003
   1.76000000000000       2.095970612857942E-003
   1.77000000000000       2.164883925171062E-003
   1.78000000000000       2.235839439688543E-003
   1.79000000000000       2.308889668006496E-003
   1.80000000000000       2.384088201464840E-003
   1.81000000000000       2.461489724640701E-003
   1.82000000000000       2.541150028726526E-003
   1.83000000000000       2.623126024781024E-003
   1.84000000000000       2.707475756840700E-003
   1.85000000000000       2.794258414879447E-003
   1.86000000000000       2.883534347603441E-003
   1.87000000000000       2.975365075068254E-003
   1.88000000000000       3.069813301104740E-003
   1.89000000000000       3.166942925540075E-003
   1.90000000000000       3.266819056199919E-003
   1.91000000000000       3.369508020677481E-003
   1.92000000000000       3.475077377854938E-003
   1.93000000000000       3.583595929162359E-003
   1.94000000000000       3.695133729559035E-003
   1.95000000000000       3.809762098221810E-003
   1.96000000000000       3.927553628924779E-003
   1.97000000000000       4.048582200094426E-003
   1.98000000000000       4.172922984523962E-003
   1.99000000000000       4.300652458730450E-003
   2.00000000000000       4.431848411938008E-003
   2.01000000000000       4.566589954670145E-003
   2.02000000000000       4.704957526933979E-003
   2.03000000000000       4.847032905978945E-003
   2.04000000000000       4.992899213612376E-003
   2.05000000000000       5.142640923053939E-003
   2.06000000000000       5.296343865311020E-003
   2.07000000000000       5.454095235056545E-003
   2.08000000000000       5.615983595990969E-003
   2.09000000000000       5.782098885669473E-003
   2.10000000000000       5.952532419775854E-003
   2.11000000000000       6.127376895823688E-003
   2.12000000000000       6.306726396265928E-003
   2.13000000000000       6.490676390993364E-003
   2.14000000000000       6.679323739202620E-003
   2.15000000000000       6.872766690613971E-003
   2.16000000000000       7.071104886019449E-003
   2.17000000000000       7.274439357141218E-003
   2.18000000000000       7.482872525780564E-003
   2.19000000000000       7.696508202237322E-003
   2.20000000000000       7.915451582979969E-003
   2.21000000000000       8.139809247546021E-003
   2.22000000000000       8.369689154653033E-003
   2.23000000000000       8.605200637499673E-003
   2.24000000000000       8.846454398237232E-003
   2.25000000000000       9.093562501591053E-003
   2.26000000000000       9.346638367612283E-003
   2.27000000000000       9.605796763539587E-003
   2.28000000000000       9.871153794751132E-003
   2.29000000000000       1.014282689478708E-002
   2.30000000000000       1.042093481442259E-002
   2.31000000000000       1.070559760977219E-002
   2.32000000000000       1.099693662940557E-002
   2.33000000000000       1.129507450045614E-002
   2.34000000000000       1.160013511370256E-002
   2.35000000000000       1.191224360760518E-002
   2.36000000000000       1.223152635127797E-002
   2.37000000000000       1.255811092637821E-002
   2.38000000000000       1.289212610789530E-002
   2.39000000000000       1.323370184382137E-002
   2.40000000000000       1.358296923368561E-002
   2.41000000000000       1.394006050593583E-002
   2.42000000000000       1.430510899414969E-002
   2.43000000000000       1.467824911206004E-002
   2.44000000000000       1.505961632737745E-002
   2.45000000000000       1.544934713439517E-002
   2.46000000000000       1.584757902536082E-002
   2.47000000000000       1.625445046060051E-002
   2.48000000000000       1.667010083738106E-002
   2.49000000000000       1.709467045749696E-002
   2.50000000000000       1.752830049356854E-002
   2.51000000000000       1.797113295403963E-002
   2.52000000000000       1.842331064686205E-002
   2.53000000000000       1.888497714185616E-002
   2.54000000000000       1.935627673173696E-002
   2.55000000000000       1.983735439179531E-002
   2.56000000000000       2.032835573822584E-002
   2.57000000000000       2.082942698509219E-002
   2.58000000000000       2.134071489992279E-002
   2.59000000000000       2.186236675792939E-002
   2.60000000000000       2.239453029484290E-002
   2.61000000000000       2.293735365836069E-002
   2.62000000000000       2.349098535820137E-002
   2.63000000000000       2.405557421476297E-002
   2.64000000000000       2.463126930638251E-002
   2.65000000000000       2.521821991519438E-002
   2.66000000000000       2.581657547158769E-002
   2.67000000000000       2.642648549726172E-002
   2.68000000000000       2.704809954688179E-002
   2.69000000000000       2.768156714833657E-002
   2.70000000000000       2.832703774160119E-002
   2.71000000000000       2.898466061620942E-002
   2.72000000000000       2.965458484734128E-002
   2.73000000000000       3.033695923053164E-002
   2.74000000000000       3.103193221500827E-002
   2.75000000000000       3.173965183566742E-002
   2.76000000000000       3.246026564369744E-002
   2.77000000000000       3.319392063586112E-002
   2.78000000000000       3.394076318244919E-002
   2.79000000000000       3.470093895391882E-002
   2.80000000000000       3.547459284623142E-002
   2.81000000000000       3.626186890490622E-002
   2.82000000000000       3.706291024780647E-002
   2.83000000000000       3.787785898667748E-002
   2.84000000000000       3.870685614745561E-002
   2.85000000000000       3.955004158937022E-002
   2.86000000000000       4.040755392286031E-002
   2.87000000000000       4.127953042633042E-002
   2.88000000000000       4.216610696177031E-002
   2.89000000000000       4.306741788926574E-002
   2.90000000000000       4.398359598042720E-002
   2.91000000000000       4.491477233076710E-002
   2.92000000000000       4.586107627105489E-002
   2.93000000000000       4.682263527768316E-002
   2.94000000000000       4.779957488207703E-002
   2.95000000000000       4.879201857918277E-002
   2.96000000000000       4.980008773507077E-002
   2.97000000000000       5.082390149369121E-002
   2.98000000000000       5.186357668282057E-002
   2.99000000000000       5.291922771924032E-002
   3.00000000000000       5.399096651318806E-002
   3.01000000000000       5.507890237212575E-002
   3.02000000000000       5.618314190386805E-002
   3.03000000000000       5.730378891911711E-002
   3.04000000000000       5.844094433345148E-002
   3.05000000000000       5.959470606881605E-002
   3.06000000000000       6.076516895456478E-002
   3.07000000000000       6.195242462810514E-002
   3.08000000000000       6.315656143519865E-002
   3.09000000000000       6.437766432996934E-002
   3.10000000000000       6.561581477467660E-002
   3.11000000000000       6.687109063930714E-002
   3.12000000000000       6.814356610104459E-002
   3.13000000000000       6.943331154367419E-002
   3.14000000000000       7.074039345698339E-002
   3.15000000000000       7.206487433621800E-002
   3.16000000000000       7.340681258165692E-002
   3.17000000000000       7.476626239836760E-002
   3.18000000000000       7.614327369620735E-002
   3.19000000000000       7.753789199013399E-002
   3.20000000000000       7.895015830089419E-002
   3.21000000000000       8.038010905615417E-002
   3.22000000000000       8.182777599214285E-002
   3.23000000000000       8.329318605587446E-002
   3.24000000000000       8.477636130802226E-002
   3.25000000000000       8.627731882651153E-002
   3.26000000000000       8.779607061090559E-002
   3.27000000000000       8.933262348765500E-002
   3.28000000000000       9.088697901628283E-002
   3.29000000000000       9.245913339658068E-002
   3.30000000000000       9.404907737688691E-002
   3.31000000000000       9.565679616352402E-002
   3.32000000000000       9.728226933146747E-002
   3.33000000000000       9.892547073632373E-002
   3.34000000000000       0.100586368427691     
   3.35000000000000       0.102264924563978     
   3.36000000000000       0.103961095328764     
   3.37000000000000       0.105674830848764     
   3.38000000000000       0.107406075113484     
   3.39000000000000       0.109154765896647     
   3.40000000000000       0.110920834679456     
   3.41000000000000       0.112704206575771     
   3.42000000000000       0.114504800259292     
   3.43000000000000       0.116322527892807     
   3.44000000000000       0.118157295059582     
   3.45000000000000       0.120009000696986     
   3.46000000000000       0.121877537032402     
   3.47000000000000       0.123762789521523     
   3.48000000000000       0.125664636789088     
   3.49000000000000       0.127582950572142     
   3.50000000000000       0.129517595665892     
   3.51000000000000       0.131468429872231     
   3.52000000000000       0.133435303951002     
   3.53000000000000       0.135418061574071     
   3.54000000000000       0.137416539282282     
   3.55000000000000       0.139430566445360     
   3.56000000000000       0.141459965224839     
   3.57000000000000       0.143504550540062     
   3.58000000000000       0.145564130037348     
   3.59000000000000       0.147638504062356     
   3.60000000000000       0.149727465635745     
   3.61000000000000       0.151830800432162     
   3.62000000000000       0.153948286762634     
   3.63000000000000       0.156079695560421     
   3.64000000000000       0.158224790370383     
   3.65000000000000       0.160383327341920     
   3.66000000000000       0.162555055225534     
   3.67000000000000       0.164739715373077     
   3.68000000000000       0.166937041741714     
   3.69000000000000       0.169146760901672     
   3.70000000000000       0.171368592047807     
   3.71000000000000       0.173602247015033     
   3.72000000000000       0.175847430297662     
   3.73000000000000       0.178103839072694     
   3.74000000000000       0.180371163227080     
   3.75000000000000       0.182649085389022     
   3.76000000000000       0.184937280963305     
   3.77000000000000       0.187235418170730     
   3.78000000000000       0.189543158091640     
   3.79000000000000       0.191860154713599     
   3.80000000000000       0.194186054983213     
   3.81000000000000       0.196520498862137     
   3.82000000000000       0.198863119387276     
   3.83000000000000       0.201213542735197     
   3.84000000000000       0.203571388290759     
   3.85000000000000       0.205936268719975     
   3.86000000000000       0.208307790047108     
   3.87000000000000       0.210685551736015     
   3.88000000000000       0.213069146775718     
   3.89000000000000       0.215458161770220     
   3.90000000000000       0.217852177032551     
   3.91000000000000       0.220250766683033     
   3.92000000000000       0.222653498751761     
   3.93000000000000       0.225059935285270     
   3.94000000000000       0.227469632457386     
   3.95000000000000       0.229882140684233     
   3.96000000000000       0.232297004743366     
   3.97000000000000       0.234713763897012     
   3.98000000000000       0.237131952019380     
   3.99000000000000       0.239551097728013     
   4.00000000000000       0.241970724519143     
   4.01000000000000       0.244390350907000     
   4.02000000000000       0.246809490567043     
   4.03000000000000       0.249227652483066     
   4.04000000000000       0.251644341098117     
   4.05000000000000       0.254059056469189     
   4.06000000000000       0.256471294425620     
   4.07000000000000       0.258880546731149     
   4.08000000000000       0.261286301249553     
   4.09000000000000       0.263688042113818     
   4.10000000000000       0.266085249898755     
   4.11000000000000       0.268477401797002     
   4.12000000000000       0.270863971798338     
   4.13000000000000       0.273244430872216     
   4.14000000000000       0.275618247153457     
   4.15000000000000       0.277984886130997     
   4.16000000000000       0.280343810839621     
   4.17000000000000       0.282694482054580     
   4.18000000000000       0.285036358489007     
   4.19000000000000       0.287368896994028     
   4.20000000000000       0.289691552761483     
   4.21000000000000       0.292003779529141     
   4.22000000000000       0.294305029788325     
   4.23000000000000       0.296594754993816     
   4.24000000000000       0.298872405775953     
   4.25000000000000       0.301137432154804     
   4.26000000000000       0.303389283756300     
   4.27000000000000       0.305627410030210     
   4.28000000000000       0.307851260469853     
   4.29000000000000       0.310060284833416     
   4.30000000000000       0.312253933366761     
   4.31000000000000       0.314431657027597     
   4.32000000000000       0.316592907710893     
   4.33000000000000       0.318737138475402     
   4.34000000000000       0.320863803771172     
   4.35000000000000       0.322972359667914     
   4.36000000000000       0.325062264084082     
   4.37000000000000       0.327132977016555     
   4.38000000000000       0.329183960770765     
   4.39000000000000       0.331214680191153     
   4.40000000000000       0.333224602891800     
   4.41000000000000       0.335213199487106     
   4.42000000000000       0.337179943822381     
   4.43000000000000       0.339124313204192     
   4.44000000000000       0.341045788630353     
   4.45000000000000       0.342943855019384     
   4.46000000000000       0.344818001439333     
   4.47000000000000       0.346667721335792     
   4.48000000000000       0.348492512758975     
   4.49000000000000       0.350291878589726     
   4.50000000000000       0.352065326764300     
   4.51000000000000       0.353812370497780     
   4.52000000000000       0.355532528505997     
   4.53000000000000       0.357225325225801     
   4.54000000000000       0.358890291033545     
   4.55000000000000       0.360526962461648     
   4.56000000000000       0.362134882413092     
   4.57000000000000       0.363713600373713     
   4.58000000000000       0.365262672622154     
   4.59000000000000       0.366781662437336     
   4.60000000000000       0.368270140303323     
   4.61000000000000       0.369727684111432     
   4.62000000000000       0.371153879359466     
   4.63000000000000       0.372548319347933     
   4.64000000000000       0.373910605373128     
   4.65000000000000       0.375240346916938     
   4.66000000000000       0.376537161833254     
   4.67000000000000       0.377800676530865     
   4.68000000000000       0.379030526152702     
   4.69000000000000       0.380226354751325     
   4.70000000000000       0.381387815460524     
   4.71000000000000       0.382514570662924     
   4.72000000000000       0.383606292153479     
   4.73000000000000       0.384662661298743     
   4.74000000000000       0.385683369191816     
   4.75000000000000       0.386668116802849     
   4.76000000000000       0.387616615125014     
   4.77000000000000       0.388528585315836     
   4.78000000000000       0.389403758833790     
   4.79000000000000       0.390241877570074     
   4.80000000000000       0.391042693975456     
   4.81000000000000       0.391805971182121     
   4.82000000000000       0.392531483120429     
   4.83000000000000       0.393219014630497     
   4.84000000000000       0.393868361568541     
   4.85000000000000       0.394479330907889     
   4.86000000000000       0.395051740834611     
   4.87000000000000       0.395585420837687     
   4.88000000000000       0.396080211793656     
   4.89000000000000       0.396535966045686     
   4.90000000000000       0.396952547477012     
   4.91000000000000       0.397329831578688     
   4.92000000000000       0.397667705511609     
   4.93000000000000       0.397966068162751     
   4.94000000000000       0.398224830195607     
   4.95000000000000       0.398443914094764     
   4.96000000000000       0.398623254204605     
   4.97000000000000       0.398762796762100     
   4.98000000000000       0.398862499923666     
   4.99000000000000       0.398922333786082     
   5.00000000000000       0.398942280401433     
   5.01000000000000       0.398922333786082     
   5.02000000000000       0.398862499923666     
   5.03000000000000       0.398762796762100     
   5.04000000000000       0.398623254204605     
   5.05000000000000       0.398443914094764     
   5.06000000000000       0.398224830195607     
   5.07000000000000       0.397966068162751     
   5.08000000000000       0.397667705511609     
   5.09000000000000       0.397329831578688     
   5.10000000000000       0.396952547477012     
   5.11000000000000       0.396535966045686     
   5.12000000000000       0.396080211793656     
   5.13000000000000       0.395585420837687     
   5.14000000000000       0.395051740834611     
   5.15000000000000       0.394479330907889     
   5.16000000000000       0.393868361568541     
   5.17000000000000       0.393219014630497     
   5.18000000000000       0.392531483120429     
   5.19000000000000       0.391805971182121     
   5.20000000000000       0.391042693975456     
   5.21000000000000       0.390241877570074     
   5.22000000000000       0.389403758833790     
   5.23000000000000       0.388528585315836     
   5.24000000000000       0.387616615125014     
   5.25000000000000       0.386668116802849     
   5.26000000000000       0.385683369191816     
   5.27000000000000       0.384662661298743     
   5.28000000000000       0.383606292153479     
   5.29000000000000       0.382514570662924     
   5.30000000000000       0.381387815460524     
   5.31000000000000       0.380226354751325     
   5.32000000000000       0.379030526152702     
   5.33000000000000       0.377800676530865     
   5.34000000000000       0.376537161833254     
   5.35000000000000       0.375240346916938     
   5.36000000000000       0.373910605373128     
   5.37000000000000       0.372548319347933     
   5.38000000000000       0.371153879359466     
   5.39000000000000       0.369727684111432     
   5.40000000000000       0.368270140303323     
   5.41000000000000       0.366781662437336     
   5.42000000000000       0.365262672622154     
   5.43000000000000       0.363713600373713     
   5.44000000000000       0.362134882413092     
   5.45000000000000       0.360526962461648     
   5.46000000000000       0.358890291033545     
   5.47000000000000       0.357225325225801     
   5.48000000000000       0.355532528505997     
   5.49000000000000       0.353812370497780     
   5.50000000000000       0.352065326764300     
   5.51000000000000       0.350291878589726     
   5.52000000000000       0.348492512758975     
   5.53000000000000       0.346667721335792     
   5.54000000000000       0.344818001439333     
   5.55000000000000       0.342943855019384     
   5.56000000000000       0.341045788630353     
   5.57000000000000       0.339124313204192     
   5.58000000000000       0.337179943822381     
   5.59000000000000       0.335213199487106     
   5.60000000000000       0.333224602891800     
   5.61000000000000       0.331214680191153     
   5.62000000000000       0.329183960770765     
   5.63000000000000       0.327132977016555     
   5.64000000000000       0.325062264084082     
   5.65000000000000       0.322972359667914     
   5.66000000000000       0.320863803771172     
   5.67000000000000       0.318737138475402     
   5.68000000000000       0.316592907710893     
   5.69000000000000       0.314431657027597     
   5.70000000000000       0.312253933366761     
   5.71000000000000       0.310060284833416     
   5.72000000000000       0.307851260469853     
   5.73000000000000       0.305627410030210     
   5.74000000000000       0.303389283756300     
   5.75000000000000       0.301137432154804     
   5.76000000000000       0.298872405775953     
   5.77000000000000       0.296594754993816     
   5.78000000000000       0.294305029788325     
   5.79000000000000       0.292003779529141     
   5.80000000000000       0.289691552761483     
   5.81000000000000       0.287368896994028     
   5.82000000000000       0.285036358489007     
   5.83000000000000       0.282694482054580     
   5.84000000000000       0.280343810839621     
   5.85000000000000       0.277984886130997     
   5.86000000000000       0.275618247153457     
   5.87000000000000       0.273244430872216     
   5.88000000000000       0.270863971798338     
   5.89000000000000       0.268477401797002     
   5.90000000000000       0.266085249898755     
   5.91000000000000       0.263688042113818     
   5.92000000000000       0.261286301249553     
   5.93000000000000       0.258880546731149     
   5.94000000000000       0.256471294425620     
   5.95000000000000       0.254059056469189     
   5.96000000000000       0.251644341098117     
   5.97000000000000       0.249227652483066     
   5.98000000000000       0.246809490567043     
   5.99000000000000       0.244390350907000     
   6.00000000000000       0.241970724519143     
   6.01000000000000       0.239551097728013     
   6.02000000000000       0.237131952019380     
   6.03000000000000       0.234713763897012     
   6.04000000000000       0.232297004743366     
   6.05000000000000       0.229882140684233     
   6.06000000000000       0.227469632457386     
   6.07000000000000       0.225059935285270     
   6.08000000000000       0.222653498751761     
   6.09000000000000       0.220250766683033     
   6.10000000000000       0.217852177032551     
   6.11000000000000       0.215458161770220     
   6.12000000000000       0.213069146775718     
   6.13000000000000       0.210685551736015     
   6.14000000000000       0.208307790047108     
   6.15000000000000       0.205936268719975     
   6.16000000000000       0.203571388290759     
   6.17000000000000       0.201213542735197     
   6.18000000000000       0.198863119387276     
   6.19000000000000       0.196520498862136     
   6.20000000000000       0.194186054983213     
   6.21000000000000       0.191860154713599     
   6.22000000000000       0.189543158091640     
   6.23000000000000       0.187235418170729     
   6.24000000000000       0.184937280963305     
   6.25000000000000       0.182649085389022     
   6.26000000000000       0.180371163227080     
   6.27000000000000       0.178103839072694     
   6.28000000000000       0.175847430297662     
   6.29000000000000       0.173602247015033     
   6.30000000000000       0.171368592047807     
   6.31000000000000       0.169146760901672     
   6.32000000000000       0.166937041741714     
   6.33000000000000       0.164739715373077     
   6.34000000000000       0.162555055225534     
   6.35000000000000       0.160383327341920     
   6.36000000000000       0.158224790370383     
   6.37000000000000       0.156079695560421     
   6.38000000000000       0.153948286762634     
   6.39000000000000       0.151830800432162     
   6.40000000000000       0.149727465635745     
   6.41000000000000       0.147638504062356     
   6.42000000000000       0.145564130037348     
   6.43000000000000       0.143504550540062     
   6.44000000000000       0.141459965224839     
   6.45000000000000       0.139430566445360     
   6.46000000000000       0.137416539282282     
   6.47000000000000       0.135418061574071     
   6.48000000000000       0.133435303951002     
   6.49000000000000       0.131468429872231     
   6.50000000000000       0.129517595665892     
   6.51000000000000       0.127582950572142     
   6.52000000000000       0.125664636789088     
   6.53000000000000       0.123762789521523     
   6.54000000000000       0.121877537032402     
   6.55000000000000       0.120009000696986     
   6.56000000000000       0.118157295059582     
   6.57000000000000       0.116322527892807     
   6.58000000000000       0.114504800259292     
   6.59000000000000       0.112704206575771     
   6.60000000000000       0.110920834679456     
   6.61000000000000       0.109154765896647     
   6.62000000000000       0.107406075113484     
   6.63000000000000       0.105674830848764     
   6.64000000000000       0.103961095328764     
   6.65000000000000       0.102264924563978     
   6.66000000000000       0.100586368427691     
   6.67000000000000       9.892547073632373E-002
   6.68000000000000       9.728226933146754E-002
   6.69000000000000       9.565679616352393E-002
   6.70000000000000       9.404907737688691E-002
   6.71000000000000       9.245913339658068E-002
   6.72000000000000       9.088697901628290E-002
   6.73000000000000       8.933262348765493E-002
   6.74000000000000       8.779607061090559E-002
   6.75000000000000       8.627731882651153E-002
   6.76000000000000       8.477636130802226E-002
   6.77000000000000       8.329318605587455E-002
   6.78000000000000       8.182777599214276E-002
   6.79000000000000       8.038010905615417E-002
   6.80000000000000       7.895015830089419E-002
   6.81000000000000       7.753789199013404E-002
   6.82000000000000       7.614327369620728E-002
   6.83000000000000       7.476626239836760E-002
   6.84000000000000       7.340681258165692E-002
   6.85000000000000       7.206487433621804E-002
   6.86000000000000       7.074039345698334E-002
   6.87000000000000       6.943331154367419E-002
   6.88000000000000       6.814356610104459E-002
   6.89000000000000       6.687109063930718E-002
   6.90000000000000       6.561581477467655E-002
   6.91000000000000       6.437766432996934E-002
   6.92000000000000       6.315656143519865E-002
   6.93000000000000       6.195242462810520E-002
   6.94000000000000       6.076516895456473E-002
   6.95000000000000       5.959470606881605E-002
   6.96000000000000       5.844094433345148E-002
   6.97000000000000       5.730378891911716E-002
   6.98000000000000       5.618314190386799E-002
   6.99000000000000       5.507890237212575E-002
   7.00000000000000       5.399096651318806E-002
   7.01000000000000       5.291922771924032E-002
   7.02000000000000       5.186357668282061E-002
   7.03000000000000       5.082390149369116E-002
   7.04000000000000       4.980008773507077E-002
   7.05000000000000       4.879201857918277E-002
   7.06000000000000       4.779957488207708E-002
   7.07000000000000       4.682263527768313E-002
   7.08000000000000       4.586107627105489E-002
   7.09000000000000       4.491477233076710E-002
   7.10000000000000       4.398359598042723E-002
   7.11000000000000       4.306741788926570E-002
   7.12000000000000       4.216610696177031E-002
   7.13000000000000       4.127953042633042E-002
   7.14000000000000       4.040755392286034E-002
   7.15000000000000       3.955004158937019E-002
   7.16000000000000       3.870685614745561E-002
   7.17000000000000       3.787785898667748E-002
   7.18000000000000       3.706291024780651E-002
   7.19000000000000       3.626186890490619E-002
   7.20000000000000       3.547459284623142E-002
   7.21000000000000       3.470093895391882E-002
   7.22000000000000       3.394076318244921E-002
   7.23000000000000       3.319392063586109E-002
   7.24000000000000       3.246026564369744E-002
   7.25000000000000       3.173965183566742E-002
   7.26000000000000       3.103193221500827E-002
   7.27000000000000       3.033695923053167E-002
   7.28000000000000       2.965458484734125E-002
   7.29000000000000       2.898466061620942E-002
   7.30000000000000       2.832703774160119E-002
   7.31000000000000       2.768156714833659E-002
   7.32000000000000       2.704809954688176E-002
   7.33000000000000       2.642648549726172E-002
   7.34000000000000       2.581657547158769E-002
   7.35000000000000       2.521821991519442E-002
   7.36000000000000       2.463126930638249E-002
   7.37000000000000       2.405557421476297E-002
   7.38000000000000       2.349098535820137E-002
   7.39000000000000       2.293735365836072E-002
   7.40000000000000       2.239453029484288E-002
   7.41000000000000       2.186236675792939E-002
   7.42000000000000       2.134071489992279E-002
   7.43000000000000       2.082942698509220E-002
   7.44000000000000       2.032835573822582E-002
   7.45000000000000       1.983735439179531E-002
   7.46000000000000       1.935627673173696E-002
   7.47000000000000       1.888497714185619E-002
   7.48000000000000       1.842331064686203E-002
   7.49000000000000       1.797113295403963E-002
   7.50000000000000       1.752830049356854E-002
   7.51000000000000       1.709467045749696E-002
   7.52000000000000       1.667010083738108E-002
   7.53000000000000       1.625445046060049E-002
   7.54000000000000       1.584757902536082E-002
   7.55000000000000       1.544934713439517E-002
   7.56000000000000       1.505961632737747E-002
   7.57000000000000       1.467824911206003E-002
   7.58000000000000       1.430510899414969E-002
   7.59000000000000       1.394006050593583E-002
   7.60000000000000       1.358296923368563E-002
   7.61000000000000       1.323370184382136E-002
   7.62000000000000       1.289212610789530E-002
   7.63000000000000       1.255811092637821E-002
   7.64000000000000       1.223152635127799E-002
   7.65000000000000       1.191224360760517E-002
   7.66000000000000       1.160013511370256E-002
   7.67000000000000       1.129507450045614E-002
   7.68000000000000       1.099693662940559E-002
   7.69000000000000       1.070559760977217E-002
   7.70000000000000       1.042093481442259E-002
   7.71000000000000       1.014282689478708E-002
   7.72000000000000       9.871153794751146E-003
   7.73000000000000       9.605796763539575E-003
   7.74000000000000       9.346638367612283E-003
   7.75000000000000       9.093562501591053E-003
   7.76000000000000       8.846454398237232E-003
   7.77000000000000       8.605200637499685E-003
   7.78000000000000       8.369689154653023E-003
   7.79000000000000       8.139809247546021E-003
   7.80000000000000       7.915451582979969E-003
   7.81000000000000       7.696508202237331E-003
   7.82000000000000       7.482872525780553E-003
   7.83000000000000       7.274439357141218E-003
   7.84000000000000       7.071104886019449E-003
   7.85000000000000       6.872766690613978E-003
   7.86000000000000       6.679323739202610E-003
   7.87000000000000       6.490676390993364E-003
   7.88000000000000       6.306726396265928E-003
   7.89000000000000       6.127376895823693E-003
   7.90000000000000       5.952532419775849E-003
   7.91000000000000       5.782098885669473E-003
   7.92000000000000       5.615983595990969E-003
   7.93000000000000       5.454095235056556E-003
   7.94000000000000       5.296343865311011E-003
   7.95000000000000       5.142640923053939E-003
   7.96000000000000       4.992899213612376E-003
   7.97000000000000       4.847032905978953E-003
   7.98000000000000       4.704957526933971E-003
   7.99000000000000       4.566589954670145E-003
   8.00000000000000       4.431848411938008E-003
   8.01000000000000       4.300652458730450E-003
   8.02000000000000       4.172922984523966E-003
   8.03000000000000       4.048582200094437E-003
   8.04000000000000       3.927553628924789E-003
   8.05000000000000       3.809762098221800E-003
   8.06000000000000       3.695133729559029E-003
   8.07000000000000       3.583595929162359E-003
   8.08000000000000       3.475077377854938E-003
   8.09000000000000       3.369508020677481E-003
   8.10000000000000       3.266819056199925E-003
   8.11000000000000       3.166942925540084E-003
   8.12000000000000       3.069813301104749E-003
   8.13000000000000       2.975365075068246E-003
   8.14000000000000       2.883534347603434E-003
   8.15000000000000       2.794258414879442E-003
   8.16000000000000       2.707475756840700E-003
   8.17000000000000       2.623126024781024E-003
   8.18000000000000       2.541150028726526E-003
   8.19000000000000       2.461489724640705E-003
   8.20000000000000       2.384088201464849E-003
   8.21000000000000       2.308889668006490E-003
   8.22000000000000       2.235839439688535E-003
   8.23000000000000       2.164883925171059E-003
   8.24000000000000       2.095970612857942E-003
   8.25000000000000       2.029048057299768E-003
   8.26000000000000       1.964065865504376E-003
   8.27000000000000       1.900974683166082E-003
   8.28000000000000       1.839726180824282E-003
   8.29000000000000       1.780273039961883E-003
   8.30000000000000       1.722568939053677E-003
   8.31000000000000       1.666568539574578E-003
   8.32000000000000       1.612227471977123E-003
   8.33000000000000       1.559502321647691E-003
   8.34000000000000       1.508350614850307E-003
   8.35000000000000       1.458730804666747E-003
   8.36000000000000       1.410602256941386E-003
   8.37000000000000       1.363925236238908E-003
   8.38000000000000       1.318660891822738E-003
   8.39000000000000       1.274771243661831E-003
   8.40000000000000       1.232219168473018E-003
   8.41000000000000       1.190968385806117E-003
   8.42000000000000       1.150983444178485E-003
   8.43000000000000       1.112229707265567E-003
   8.44000000000000       1.074673340153737E-003
   8.45000000000000       1.038281295661414E-003
   8.46000000000000       1.003021300734235E-003
   8.47000000000000       9.688618429198442E-004
   8.48000000000000       9.357721569274780E-004
   8.49000000000000       9.037222112775245E-004
   8.50000000000000       8.726826950457602E-004
   8.51000000000000       8.426250047069028E-004
   8.52000000000000       8.135212310818092E-004
   8.53000000000000       7.853441463924714E-004
   8.54000000000000       7.580671914287130E-004
   8.55000000000000       7.316644628303089E-004
   8.56000000000000       7.061107004880350E-004
   8.57000000000000       6.813812750668916E-004
   8.58000000000000       6.574521756546766E-004
   8.59000000000000       6.342999975387576E-004
   8.60000000000000       6.119019301137731E-004
   8.61000000000000       5.902357449227867E-004
   8.62000000000000       5.692797838342541E-004
   8.63000000000000       5.490129473569573E-004
   8.64000000000000       5.294146830949338E-004
   8.65000000000000       5.104649743441847E-004
   8.66000000000000       4.921443288328931E-004
   8.67000000000000       4.744337676066206E-004
   8.68000000000000       4.573148140598576E-004
   8.69000000000000       4.407694831151333E-004
   8.70000000000000       4.247802705507530E-004
   8.71000000000000       4.093301424780774E-004
   8.72000000000000       3.944025249691556E-004
   8.73000000000000       3.799812938353208E-004
   8.74000000000000       3.660507645573350E-004
   8.75000000000000       3.525956823674455E-004
   8.76000000000000       3.396012124836548E-004
   8.77000000000000       3.270529304963753E-004
   8.78000000000000       3.149368129075224E-004
   8.79000000000000       3.032392278220053E-004
   8.80000000000000       2.919469257914595E-004
   8.81000000000000       2.810470308099858E-004
   8.82000000000000       2.705270314615208E-004
   8.83000000000000       2.603747722184425E-004
   8.84000000000000       2.505784448908607E-004
   8.85000000000000       2.411265802259937E-004
   8.86000000000000       2.320080396569428E-004
   8.87000000000000       2.232120072001028E-004
   8.88000000000000       2.147279815003663E-004
   8.89000000000000       2.065457680232251E-004
   8.90000000000000       1.986554713927724E-004
   8.91000000000000       1.910474878745976E-004
   8.92000000000000       1.837124980024571E-004
   8.93000000000000       1.766414593475712E-004
   8.94000000000000       1.698255994293439E-004
   8.95000000000000       1.632564087662426E-004
   8.96000000000000       1.569256340655317E-004
   8.97000000000000       1.508252715505175E-004
   8.98000000000000       1.449475604238908E-004
   8.99000000000000       1.392849764657599E-004
   9.00000000000000       1.338302257648854E-004
   9.01000000000000       1.285762385816211E-004
   9.02000000000000       1.235161633410237E-004
   9.03000000000000       1.186433607545662E-004
   9.04000000000000       1.139513980688650E-004
   9.05000000000000       1.094340434398002E-004
   9.06000000000000       1.050852604304001E-004
   9.07000000000000       1.008992026308144E-004
   9.08000000000000       9.687020839871927E-005
   9.09000000000000       9.299279571844591E-005
   9.10000000000000       8.926165717713293E-005
   9.11000000000000       8.567165505618216E-005
   9.12000000000000       8.221781653628630E-005
   9.13000000000000       7.889532901429282E-005
   9.14000000000000       7.569953553016094E-005
   9.15000000000000       7.262593030225234E-005
   9.16000000000000       6.967015436921434E-005
   9.17000000000000       6.682799133669061E-005
   9.18000000000000       6.409536322710610E-005
   9.19000000000000       6.146832643076943E-005
   9.20000000000000       5.894306775654006E-005
   9.21000000000000       5.651590058030720E-005
   9.22000000000000       5.418326108953996E-005
   9.23000000000000       5.194170462215978E-005
   9.24000000000000       4.978790209801209E-005
   9.25000000000000       4.771863654120495E-005
   9.26000000000000       4.573079969160131E-005
   9.27000000000000       4.382138870375812E-005
   9.28000000000000       4.198750293161747E-005
   9.29000000000000       4.022634079726511E-005
   9.30000000000000       3.853519674208699E-005
   9.31000000000000       3.691145825866607E-005
   9.32000000000000       3.535260300177310E-005
   9.33000000000000       3.385619597682789E-005
   9.34000000000000       3.241988680421378E-005
   9.35000000000000       3.104140705785027E-005
   9.36000000000000       2.971856767644231E-005
   9.37000000000000       2.844925644584441E-005
   9.38000000000000       2.723143555099251E-005
   9.39000000000000       2.606313919587825E-005
   9.40000000000000       2.494247129005354E-005
   9.41000000000000       2.386760320017960E-005
   9.42000000000000       2.283677156514692E-005
   9.43000000000000       2.184827617331647E-005
   9.44000000000000       2.090047790045048E-005
   9.45000000000000       1.999179670692286E-005
   9.46000000000000       1.912070969281767E-005
   9.47000000000000       1.828574920954732E-005
   9.48000000000000       1.748550102663914E-005
   9.49000000000000       1.671860255236507E-005
   9.50000000000000       1.598374110690548E-005
   9.51000000000000       1.527965224676162E-005
   9.52000000000000       1.460511813915294E-005
   9.53000000000000       1.395896598515482E-005
   9.54000000000000       1.334006649035589E-005
   9.55000000000000       1.274733238183340E-005
   9.56000000000000       1.217971697026866E-005
   9.57000000000000       1.163621275604267E-005
   9.58000000000000       1.111585007817779E-005
   9.59000000000000       1.061769580500839E-005
   9.60000000000000       1.014085206548676E-005
   9.61000000000000       9.684455020051471E-006
   9.62000000000000       9.247673670005651E-006
   9.63000000000000       8.829708704374050E-006
   9.64000000000000       8.429791383228743E-006
   9.65000000000000       8.047182456492295E-006
   9.66000000000000       7.681171117250455E-006
   9.67000000000000       7.331073988623946E-006
   9.68000000000000       6.996234143270405E-006
   9.69000000000000       6.676020154607485E-006
   9.70000000000000       6.369825178867124E-006
   9.71000000000000       6.077066067111094E-006
   9.72000000000000       5.797182506357267E-006
   9.73000000000000       5.529636188984052E-006
   9.74000000000000       5.273910009601304E-006
   9.75000000000000       5.029507288592446E-006
   9.76000000000000       4.795951021552522E-006
   9.77000000000000       4.572783153864145E-006
   9.78000000000000       4.359563879671653E-006
   9.79000000000000       4.155870964531215E-006
   9.80000000000000       3.961299091032062E-006
   9.81000000000000       3.775459226701329E-006
   9.82000000000000       3.597978013521247E-006
   9.83000000000000       3.428497178405039E-006
   9.84000000000000       3.266672963993275E-006
   9.85000000000000       3.112175579148945E-006
   9.86000000000000       2.964688668545284E-006
   9.87000000000000       2.823908800755836E-006
   9.88000000000000       2.689544974271514E-006
   9.89000000000000       2.561318140884531E-006
   9.90000000000000       2.438960745893352E-006
   9.91000000000000       2.322216284597997E-006
   9.92000000000000       2.210838874568421E-006
   9.93000000000000       2.104592843183130E-006
   9.94000000000000       2.003252329948500E-006
   9.95000000000000       1.906600903122818E-006
   9.96000000000000       1.814431190182024E-006
   9.97000000000000       1.726544521677064E-006
   9.98000000000000       1.642750588045071E-006
   9.99000000000000       1.562867108949290E-006
   10.0000000000000       1.486719514734298E-006
