 # Histogram label : gauss_hist
  0.00000000E+00  0.00000000E+00
  0.10000000E+00  0.00000000E+00
  0.20000000E+00  0.10000000E-04
  0.30000000E+00  0.00000000E+00
  0.40000000E+00  0.10000000E-04
  0.50000000E+00  0.40000000E-04
  0.60000000E+00  0.20000000E-04
  0.70000000E+00  0.30000000E-04
  0.80000000E+00  0.80000000E-04
  0.90000000E+00  0.14000000E-03
  0.10000000E+01  0.13000000E-03
  0.11000000E+01  0.35000000E-03
  0.12000000E+01  0.40000000E-03
  0.13000000E+01  0.54000000E-03
  0.14000000E+01  0.75000000E-03
  0.15000000E+01  0.94000000E-03
  0.16000000E+01  0.14400000E-02
  0.17000000E+01  0.20900000E-02
  0.18000000E+01  0.28500000E-02
  0.19000000E+01  0.36900000E-02
  0.20000000E+01  0.52400000E-02
  0.21000000E+01  0.67500000E-02
  0.22000000E+01  0.87800000E-02
  0.23000000E+01  0.12240000E-01
  0.24000000E+01  0.15250000E-01
  0.25000000E+01  0.19240000E-01
  0.26000000E+01  0.25230000E-01
  0.27000000E+01  0.31880000E-01
  0.28000000E+01  0.40010000E-01
  0.29000000E+01  0.49690000E-01
  0.30000000E+01  0.60200000E-01
  0.31000000E+01  0.72720000E-01
  0.32000000E+01  0.86470000E-01
  0.33000000E+01  0.10005000E+00
  0.34000000E+01  0.11878000E+00
  0.35000000E+01  0.14016000E+00
  0.36000000E+01  0.15981000E+00
  0.37000000E+01  0.18332000E+00
  0.38000000E+01  0.20625000E+00
  0.39000000E+01  0.22937000E+00
  0.40000000E+01  0.25489000E+00
  0.41000000E+01  0.27577000E+00
  0.42000000E+01  0.29752000E+00
  0.43000000E+01  0.32382000E+00
  0.44000000E+01  0.34200000E+00
  0.45000000E+01  0.35903000E+00
  0.46000000E+01  0.37425000E+00
  0.47000000E+01  0.38722000E+00
  0.48000000E+01  0.39530000E+00
  0.49000000E+01  0.39806000E+00
  0.50000000E+01  0.39807000E+00
  0.51000000E+01  0.39557000E+00
  0.52000000E+01  0.38534000E+00
  0.53000000E+01  0.37591000E+00
  0.54000000E+01  0.36371000E+00
  0.55000000E+01  0.34470000E+00
  0.56000000E+01  0.32429000E+00
  0.57000000E+01  0.30232000E+00
  0.58000000E+01  0.27647000E+00
  0.59000000E+01  0.25674000E+00
  0.60000000E+01  0.23137000E+00
  0.61000000E+01  0.20534000E+00
  0.62000000E+01  0.18158000E+00
  0.63000000E+01  0.16133000E+00
  0.64000000E+01  0.13724000E+00
  0.65000000E+01  0.11885000E+00
  0.66000000E+01  0.10198000E+00
  0.67000000E+01  0.86780000E-01
  0.68000000E+01  0.72170000E-01
  0.69000000E+01  0.60610000E-01
  0.70000000E+01  0.48260000E-01
  0.71000000E+01  0.38660000E-01
  0.72000000E+01  0.32480000E-01
  0.73000000E+01  0.25130000E-01
  0.74000000E+01  0.19710000E-01
  0.75000000E+01  0.15210000E-01
  0.76000000E+01  0.12130000E-01
  0.77000000E+01  0.92900000E-02
  0.78000000E+01  0.70600000E-02
  0.79000000E+01  0.53400000E-02
  0.80000000E+01  0.36700000E-02
  0.81000000E+01  0.28900000E-02
  0.82000000E+01  0.20200000E-02
  0.83000000E+01  0.15200000E-02
  0.84000000E+01  0.10200000E-02
  0.85000000E+01  0.81000000E-03
  0.86000000E+01  0.39000000E-03
  0.87000000E+01  0.52000000E-03
  0.88000000E+01  0.28000000E-03
  0.89000000E+01  0.20000000E-03
  0.90000000E+01  0.80000000E-04
  0.91000000E+01  0.50000000E-04
  0.92000000E+01  0.30000000E-04
  0.93000000E+01  0.10000000E-04
  0.94000000E+01  0.30000000E-04
  0.95000000E+01  0.20000000E-04
  0.96000000E+01  0.10000000E-04
  0.97000000E+01  0.00000000E+00
  0.98000000E+01  0.00000000E+00
  0.99000000E+01  0.00000000E+00
  0.10000000E+02  0.00000000E+00
