  0.40000000E+02   0.10000000E+01   0.17690000E+07   0.69265297E+00   0.72048543E-01   0.63023157E+02   0.45849626E+01   0.49983713E+00   0.69259043E-01   0.15127173E+01   0.78811121E+01
  0.40000000E+02   0.10715193E+01   0.14620000E+07   0.69253242E+00   0.72118743E-01   0.63030580E+02   0.45863942E+01   0.49981466E+00   0.69366888E-01   0.15132697E+01   0.78865961E+01
  0.40000000E+02   0.11481536E+01   0.11260000E+07   0.69254922E+00   0.72070866E-01   0.63025218E+02   0.45855010E+01   0.49983339E+00   0.69231614E-01   0.15172224E+01   0.78735351E+01
  0.40000000E+02   0.12302688E+01   0.12960000E+07   0.69272511E+00   0.71974921E-01   0.63019774E+02   0.45809235E+01   0.49979572E+00   0.69310812E-01   0.15165754E+01   0.78826954E+01
  0.40000000E+02   0.13182567E+01   0.10370000E+07   0.69252043E+00   0.72080471E-01   0.63031352E+02   0.45818277E+01   0.49975334E+00   0.69199792E-01   0.15192991E+01   0.78803764E+01
  0.40000000E+02   0.14125375E+01   0.99900000E+06   0.69249598E+00   0.72061800E-01   0.63029762E+02   0.45812662E+01   0.49972558E+00   0.69233924E-01   0.15259128E+01   0.78823870E+01
  0.40000000E+02   0.15135612E+01   0.10350000E+07   0.69249711E+00   0.72110491E-01   0.63027488E+02   0.45847582E+01   0.49962363E+00   0.69286256E-01   0.15390384E+01   0.78803776E+01
  0.40000000E+02   0.16218101E+01   0.17170000E+07   0.69260291E+00   0.72076873E-01   0.63019907E+02   0.45871923E+01   0.49961431E+00   0.69261140E-01   0.15427553E+01   0.78788017E+01
  0.40000000E+02   0.17378008E+01   0.14360000E+07   0.69240722E+00   0.72144511E-01   0.63031286E+02   0.45885385E+01   0.49944914E+00   0.69303573E-01   0.15575354E+01   0.78841297E+01
  0.40000000E+02   0.18620871E+01   0.12280000E+07   0.69257629E+00   0.72071582E-01   0.63029065E+02   0.45834253E+01   0.49944023E+00   0.69251994E-01   0.15491442E+01   0.78785591E+01
  0.40000000E+02   0.19952623E+01   0.14980000E+07   0.69258185E+00   0.72143043E-01   0.63025501E+02   0.45890319E+01   0.49937945E+00   0.69276737E-01   0.15598255E+01   0.78795126E+01
  0.40000000E+02   0.21379621E+01   0.14120000E+07   0.69256609E+00   0.72127592E-01   0.63027258E+02   0.45913522E+01   0.49933981E+00   0.69208472E-01   0.15620789E+01   0.78737204E+01
  0.40000000E+02   0.22908677E+01   0.15600000E+07   0.69248899E+00   0.72171229E-01   0.63029980E+02   0.45915094E+01   0.49917200E+00   0.69283535E-01   0.15806196E+01   0.78806993E+01
  0.40000000E+02   0.24547089E+01   0.10600000E+07   0.69254555E+00   0.72181580E-01   0.63027962E+02   0.45955403E+01   0.49902148E+00   0.69223312E-01   0.15937523E+01   0.78787749E+01
  0.40000000E+02   0.26302680E+01   0.13760000E+07   0.69264038E+00   0.72268831E-01   0.63023367E+02   0.45999524E+01   0.49899409E+00   0.69253685E-01   0.15958956E+01   0.78741409E+01
  0.40000000E+02   0.28183829E+01   0.13800000E+07   0.69259492E+00   0.72254710E-01   0.63025073E+02   0.45974618E+01   0.49883629E+00   0.69269997E-01   0.16132358E+01   0.78876920E+01
  0.40000000E+02   0.30199517E+01   0.14660000E+07   0.69250364E+00   0.72369092E-01   0.63031024E+02   0.46030553E+01   0.49864383E+00   0.69271282E-01   0.16296484E+01   0.78850834E+01
  0.40000000E+02   0.32359366E+01   0.14330000E+07   0.69267182E+00   0.72275286E-01   0.63014728E+02   0.46061916E+01   0.49851643E+00   0.69192256E-01   0.16521116E+01   0.78713488E+01
  0.40000000E+02   0.34673685E+01   0.10100000E+07   0.69267104E+00   0.72356493E-01   0.63021480E+02   0.46044584E+01   0.49832965E+00   0.69140420E-01   0.16617546E+01   0.78723912E+01
  0.40000000E+02   0.37153523E+01   0.98200000E+06   0.69254893E+00   0.72433290E-01   0.63023215E+02   0.46143200E+01   0.49812958E+00   0.69245137E-01   0.16877572E+01   0.78824573E+01
  0.40000000E+02   0.39810717E+01   0.10420000E+07   0.69248850E+00   0.72347416E-01   0.63030898E+02   0.46056538E+01   0.49765922E+00   0.69175189E-01   0.17277043E+01   0.78773916E+01
  0.40000000E+02   0.42657952E+01   0.89100000E+06   0.69262500E+00   0.72613566E-01   0.63023223E+02   0.46298624E+01   0.49734751E+00   0.69197134E-01   0.17584470E+01   0.78729261E+01
  0.40000000E+02   0.45708819E+01   0.11460000E+07   0.69254302E+00   0.72714140E-01   0.63026494E+02   0.46317591E+01   0.49689368E+00   0.69170621E-01   0.18052153E+01   0.78737756E+01
  0.40000000E+02   0.48977882E+01   0.14100000E+07   0.69267530E+00   0.72692706E-01   0.63020271E+02   0.46333150E+01   0.49655395E+00   0.69120053E-01   0.18364198E+01   0.78672872E+01
  0.40000000E+02   0.52480746E+01   0.91300000E+06   0.69255746E+00   0.72817199E-01   0.63022545E+02   0.46430445E+01   0.49610698E+00   0.69081876E-01   0.18855035E+01   0.78683090E+01
  0.40000000E+02   0.56234133E+01   0.12720000E+07   0.69261839E+00   0.72893759E-01   0.63021042E+02   0.46540920E+01   0.49541775E+00   0.69132978E-01   0.19512004E+01   0.78673882E+01
  0.40000000E+02   0.60255959E+01   0.14300000E+07   0.69271541E+00   0.73075600E-01   0.63017744E+02   0.46646985E+01   0.49485712E+00   0.69101572E-01   0.20045736E+01   0.78698180E+01
  0.40000000E+02   0.64565423E+01   0.10730000E+07   0.69238023E+00   0.73230072E-01   0.63039027E+02   0.46748906E+01   0.49396256E+00   0.69090183E-01   0.20863600E+01   0.78746045E+01
  0.40000000E+02   0.69183097E+01   0.10270000E+07   0.69257423E+00   0.73357154E-01   0.63024619E+02   0.46882997E+01   0.49331820E+00   0.69109974E-01   0.21561446E+01   0.78702633E+01
  0.40000000E+02   0.74131024E+01   0.13710000E+07   0.69239369E+00   0.73559138E-01   0.63032431E+02   0.47070598E+01   0.49210572E+00   0.69090895E-01   0.22751093E+01   0.78767611E+01
  0.40000000E+02   0.79432823E+01   0.93300000E+06   0.69244957E+00   0.73925834E-01   0.63032184E+02   0.47288708E+01   0.49092494E+00   0.68979394E-01   0.23874159E+01   0.78586641E+01
  0.40000000E+02   0.85113804E+01   0.93800000E+06   0.69260095E+00   0.74198712E-01   0.63021747E+02   0.47500418E+01   0.48968002E+00   0.68922072E-01   0.25142476E+01   0.78599013E+01
  0.40000000E+02   0.91201084E+01   0.12900000E+07   0.69272387E+00   0.74434371E-01   0.63011940E+02   0.47637826E+01   0.48831189E+00   0.68882127E-01   0.26526725E+01   0.78591681E+01
  0.40000000E+02   0.97723722E+01   0.10520000E+07   0.69260810E+00   0.74755391E-01   0.63024860E+02   0.47928233E+01   0.48650823E+00   0.68784089E-01   0.28193201E+01   0.78502484E+01
  0.40000000E+02   0.10471285E+02   0.12860000E+07   0.69259806E+00   0.75206130E-01   0.63020171E+02   0.48225860E+01   0.48453634E+00   0.68773396E-01   0.30205111E+01   0.78509270E+01
  0.40000000E+02   0.11220185E+02   0.66700000E+06   0.69243297E+00   0.75567892E-01   0.63029247E+02   0.48567481E+01   0.48222490E+00   0.68661922E-01   0.32457235E+01   0.78461167E+01
  0.40000000E+02   0.12022644E+02   0.76900000E+06   0.69238294E+00   0.76078284E-01   0.63031323E+02   0.49009043E+01   0.47970210E+00   0.68655512E-01   0.34909529E+01   0.78426309E+01
  0.40000000E+02   0.12882496E+02   0.14400000E+07   0.69267180E+00   0.76737214E-01   0.63022839E+02   0.49431280E+01   0.47693065E+00   0.68468168E-01   0.37578015E+01   0.78422933E+01
  0.40000000E+02   0.13803843E+02   0.11790000E+07   0.69253806E+00   0.77357840E-01   0.63027945E+02   0.49911393E+01   0.47361141E+00   0.68374038E-01   0.40849880E+01   0.78303951E+01
  0.40000000E+02   0.14791084E+02   0.11370000E+07   0.69266526E+00   0.78126837E-01   0.63019289E+02   0.50531674E+01   0.47007116E+00   0.68145131E-01   0.44359794E+01   0.78146805E+01
  0.40000000E+02   0.15848932E+02   0.74900000E+06   0.69262838E+00   0.79126229E-01   0.63023924E+02   0.51251012E+01   0.46588240E+00   0.67968252E-01   0.48410071E+01   0.78066104E+01
  0.40000000E+02   0.16982437E+02   0.96500000E+06   0.69250382E+00   0.80000965E-01   0.63030428E+02   0.51925955E+01   0.46124820E+00   0.67806820E-01   0.52948413E+01   0.77964161E+01
  0.40000000E+02   0.18197009E+02   0.10210000E+07   0.69253405E+00   0.81088249E-01   0.63031154E+02   0.52772945E+01   0.45598354E+00   0.67498596E-01   0.58088371E+01   0.77783062E+01
  0.40000000E+02   0.19498446E+02   0.74500000E+06   0.69261781E+00   0.82397649E-01   0.63018517E+02   0.53734485E+01   0.45008429E+00   0.67227487E-01   0.63931898E+01   0.77564962E+01
  0.40000000E+02   0.20892961E+02   0.10040000E+07   0.69255244E+00   0.83782000E-01   0.63025109E+02   0.54805126E+01   0.44346892E+00   0.66978175E-01   0.70446665E+01   0.77432908E+01
  0.40000000E+02   0.22387211E+02   0.91900000E+06   0.69264051E+00   0.85456262E-01   0.63025292E+02   0.56054199E+01   0.43622860E+00   0.66490881E-01   0.77435895E+01   0.77075694E+01
  0.40000000E+02   0.23988329E+02   0.10080000E+07   0.69250016E+00   0.87184452E-01   0.63029949E+02   0.57392837E+01   0.42810000E+00   0.66040753E-01   0.85464886E+01   0.76792905E+01
  0.40000000E+02   0.25703958E+02   0.85100000E+06   0.69248196E+00   0.89320706E-01   0.63027369E+02   0.58958471E+01   0.41909395E+00   0.65573464E-01   0.94314839E+01   0.76482931E+01
  0.40000000E+02   0.27542287E+02   0.10230000E+07   0.69282678E+00   0.91572480E-01   0.63011497E+02   0.60624667E+01   0.40932680E+00   0.64820829E-01   0.10386078E+02   0.75892204E+01
  0.40000000E+02   0.29512092E+02   0.75400000E+06   0.69263177E+00   0.94167069E-01   0.63029565E+02   0.62515921E+01   0.39850816E+00   0.64200006E-01   0.11442436E+02   0.75417650E+01
  0.40000000E+02   0.31622777E+02   0.63900000E+06   0.69250832E+00   0.96989662E-01   0.63020284E+02   0.64715693E+01   0.38686281E+00   0.63425726E-01   0.12589551E+02   0.74936612E+01
  0.40000000E+02   0.33884416E+02   0.93500000E+06   0.69257363E+00   0.10015825E+00   0.63022505E+02   0.67048530E+01   0.37434041E+00   0.62605124E-01   0.13816558E+02   0.74338340E+01
  0.40000000E+02   0.36307805E+02   0.11120000E+07   0.69259965E+00   0.10365557E+00   0.63031789E+02   0.69636561E+01   0.36081973E+00   0.61595561E-01   0.15133232E+02   0.73628949E+01
  0.40000000E+02   0.38904514E+02   0.53400000E+06   0.69259764E+00   0.10757218E+00   0.63021399E+02   0.72312606E+01   0.34647431E+00   0.60483010E-01   0.16544691E+02   0.72823601E+01
  0.40000000E+02   0.41686938E+02   0.87500000E+06   0.69261095E+00   0.11197901E+00   0.63027221E+02   0.75658584E+01   0.33123228E+00   0.59279595E-01   0.18031886E+02   0.71950746E+01
  0.40000000E+02   0.44668359E+02   0.83000000E+06   0.69240482E+00   0.11659665E+00   0.63036529E+02   0.79027729E+01   0.31542774E+00   0.58108758E-01   0.19583200E+02   0.71130224E+01
  0.40000000E+02   0.47863009E+02   0.10180000E+07   0.69244625E+00   0.12181206E+00   0.63024016E+02   0.82810156E+01   0.29905594E+00   0.56771061E-01   0.21200589E+02   0.70049572E+01
  0.40000000E+02   0.51286138E+02   0.83300000E+06   0.69236220E+00   0.12774013E+00   0.63024597E+02   0.87166017E+01   0.28200841E+00   0.55366793E-01   0.22865101E+02   0.68954091E+01
  0.40000000E+02   0.54954087E+02   0.79400000E+06   0.69271824E+00   0.13410375E+00   0.63015060E+02   0.91774843E+01   0.26490000E+00   0.53791720E-01   0.24541612E+02   0.67754557E+01
  0.40000000E+02   0.58884366E+02   0.86100000E+06   0.69257424E+00   0.14063889E+00   0.63019199E+02   0.96510135E+01   0.24756749E+00   0.52235255E-01   0.26245467E+02   0.66592107E+01
  0.40000000E+02   0.63095734E+02   0.87200000E+06   0.69229155E+00   0.14828036E+00   0.63037760E+02   0.10195448E+02   0.23019286E+00   0.50688916E-01   0.27945939E+02   0.65524596E+01
  0.40000000E+02   0.67608298E+02   0.79800000E+06   0.69271272E+00   0.15619409E+00   0.63009069E+02   0.10762316E+02   0.21319351E+00   0.48916000E-01   0.29611950E+02   0.64209419E+01
  0.40000000E+02   0.72443596E+02   0.90900000E+06   0.69250764E+00   0.16515214E+00   0.63039000E+02   0.11408394E+02   0.19630593E+00   0.47302024E-01   0.31259832E+02   0.62942198E+01
  0.40000000E+02   0.77624712E+02   0.62700000E+06   0.69251233E+00   0.17478064E+00   0.63029341E+02   0.12094891E+02   0.18007353E+00   0.45564896E-01   0.32856823E+02   0.61583397E+01
  0.40000000E+02   0.83176377E+02   0.83000000E+06   0.69286972E+00   0.18540369E+00   0.63003376E+02   0.12850986E+02   0.16445026E+00   0.43868398E-01   0.34385765E+02   0.60418477E+01
  0.40000000E+02   0.89125094E+02   0.77100000E+06   0.69278277E+00   0.19661679E+00   0.63010253E+02   0.13642564E+02   0.14949667E+00   0.42097273E-01   0.35851226E+02   0.59145157E+01
  0.40000000E+02   0.95499259E+02   0.90600000E+06   0.69260415E+00   0.20859488E+00   0.63040442E+02   0.14504966E+02   0.13534698E+00   0.40346073E-01   0.37234299E+02   0.57831333E+01
  0.40000000E+02   0.10232930E+03   0.98800000E+06   0.69274773E+00   0.22192812E+00   0.63018044E+02   0.15448602E+02   0.12214530E+00   0.38664846E-01   0.38525399E+02   0.56657356E+01
  0.40000000E+02   0.10964782E+03   0.82400000E+06   0.69275143E+00   0.23627843E+00   0.63020714E+02   0.16458293E+02   0.10977730E+00   0.36949146E-01   0.39740930E+02   0.55516853E+01
  0.40000000E+02   0.11748976E+03   0.87500000E+06   0.69284145E+00   0.25169185E+00   0.63015926E+02   0.17547075E+02   0.98412645E-01   0.35275862E-01   0.40861860E+02   0.54274549E+01
  0.40000000E+02   0.12589254E+03   0.95900000E+06   0.69289469E+00   0.26810455E+00   0.63012187E+02   0.18717495E+02   0.87893125E-01   0.33531714E-01   0.41885599E+02   0.53150519E+01
  0.40000000E+02   0.13489629E+03   0.64400000E+06   0.69299877E+00   0.28651044E+00   0.63009160E+02   0.20004394E+02   0.78291968E-01   0.31905786E-01   0.42823497E+02   0.52099688E+01
  0.40000000E+02   0.14454398E+03   0.10230000E+07   0.69214696E+00   0.30545921E+00   0.63065309E+02   0.21375398E+02   0.69510795E-01   0.30302651E-01   0.43688837E+02   0.51011037E+01
  0.40000000E+02   0.15488166E+03   0.99500000E+06   0.69304613E+00   0.32585065E+00   0.62990455E+02   0.22785728E+02   0.61716721E-01   0.28701445E-01   0.44452471E+02   0.50036797E+01
  0.40000000E+02   0.16595869E+03   0.87700000E+06   0.69244676E+00   0.34827063E+00   0.63059171E+02   0.24386586E+02   0.54550031E-01   0.27152120E-01   0.45149878E+02   0.49026555E+01
  0.40000000E+02   0.17782794E+03   0.86900000E+06   0.69269209E+00   0.37182505E+00   0.63012788E+02   0.26052714E+02   0.48198948E-01   0.25647016E-01   0.45785061E+02   0.48202309E+01
  0.40000000E+02   0.19054607E+03   0.10140000E+07   0.69233016E+00   0.39730928E+00   0.63035350E+02   0.27835163E+02   0.42492371E-01   0.24196448E-01   0.46332607E+02   0.47364943E+01
  0.40000000E+02   0.20417379E+03   0.91900000E+06   0.69228200E+00   0.42516053E+00   0.63060854E+02   0.29798613E+02   0.37394287E-01   0.22818559E-01   0.46837033E+02   0.46704228E+01
  0.40000000E+02   0.21877616E+03   0.67900000E+06   0.69292299E+00   0.45432324E+00   0.63043032E+02   0.31858829E+02   0.32916519E-01   0.21478237E-01   0.47277391E+02   0.45978606E+01
  0.40000000E+02   0.23442288E+03   0.99500000E+06   0.69282145E+00   0.48667168E+00   0.62966302E+02   0.34136796E+02   0.28900948E-01   0.20215965E-01   0.47671609E+02   0.45402754E+01
  0.40000000E+02   0.25118864E+03   0.10370000E+07   0.69182162E+00   0.52051599E+00   0.63024886E+02   0.36495196E+02   0.25316855E-01   0.18990769E-01   0.48024468E+02   0.44812455E+01
  0.40000000E+02   0.26915348E+03   0.91300000E+06   0.69275407E+00   0.55651716E+00   0.63046691E+02   0.39027109E+02   0.22229552E-01   0.17823681E-01   0.48317669E+02   0.44329315E+01
  0.40000000E+02   0.28840315E+03   0.91500000E+06   0.69291648E+00   0.59693463E+00   0.63026705E+02   0.41874639E+02   0.19467363E-01   0.16758581E-01   0.48590179E+02   0.43834594E+01
  0.40000000E+02   0.30902954E+03   0.14870000E+07   0.69223618E+00   0.63753222E+00   0.63050739E+02   0.44764152E+02   0.17029578E-01   0.15684331E-01   0.48829356E+02   0.43419787E+01
  0.40000000E+02   0.33113112E+03   0.10460000E+07   0.69309006E+00   0.68270639E+00   0.63032288E+02   0.47974355E+02   0.14909724E-01   0.14687041E-01   0.49036213E+02   0.43037380E+01
  0.40000000E+02   0.35481339E+03   0.66100000E+06   0.69268138E+00   0.73195205E+00   0.63032187E+02   0.51392048E+02   0.13030215E-01   0.13780346E-01   0.49218969E+02   0.42759622E+01
  0.40000000E+02   0.38018940E+03   0.14570000E+07   0.69254355E+00   0.78407640E+00   0.63001784E+02   0.55028013E+02   0.11385370E-01   0.12904872E-01   0.49379904E+02   0.42443258E+01
  0.40000000E+02   0.40738028E+03   0.10190000E+07   0.69249934E+00   0.83993464E+00   0.63027967E+02   0.58951370E+02   0.99455964E-02   0.12087082E-01   0.49520662E+02   0.42196843E+01
  0.40000000E+02   0.43651583E+03   0.11080000E+07   0.69249753E+00   0.89860914E+00   0.63003120E+02   0.63106342E+02   0.86813315E-02   0.11294947E-01   0.49647234E+02   0.41943397E+01
  0.40000000E+02   0.46773514E+03   0.14250000E+07   0.69272684E+00   0.96232527E+00   0.63030063E+02   0.67606502E+02   0.75820373E-02   0.10562805E-01   0.49756798E+02   0.41747313E+01
  0.40000000E+02   0.50118723E+03   0.13940000E+07   0.69243259E+00   0.10305568E+01   0.63012967E+02   0.72455877E+02   0.66139679E-02   0.98737861E-02   0.49853196E+02   0.41570905E+01
  0.40000000E+02   0.53703180E+03   0.12270000E+07   0.69300528E+00   0.11040629E+01   0.62919368E+02   0.77617400E+02   0.57742961E-02   0.92325650E-02   0.49935527E+02   0.41435888E+01
  0.40000000E+02   0.57543994E+03   0.12740000E+07   0.69279249E+00   0.11823646E+01   0.63052143E+02   0.83142266E+02   0.50339290E-02   0.86232884E-02   0.50006429E+02   0.41288447E+01
  0.40000000E+02   0.61659500E+03   0.10230000E+07   0.69054666E+00   0.12673955E+01   0.63150332E+02   0.89041355E+02   0.43750151E-02   0.80634423E-02   0.50066000E+02   0.41164390E+01
  0.40000000E+02   0.66069345E+03   0.95600000E+06   0.69069499E+00   0.13570651E+01   0.63177190E+02   0.95427389E+02   0.38192133E-02   0.75343964E-02   0.50131786E+02   0.41050310E+01
  0.40000000E+02   0.70794578E+03   0.11970000E+07   0.69416694E+00   0.14549573E+01   0.62974011E+02   0.10223501E+03   0.33454438E-02   0.70387487E-02   0.50165900E+02   0.40983964E+01
  0.40000000E+02   0.75857758E+03   0.12420000E+07   0.69245885E+00   0.15582991E+01   0.63068104E+02   0.10956829E+03   0.29062377E-02   0.65744397E-02   0.50221104E+02   0.40862025E+01
  0.40000000E+02   0.81283052E+03   0.12340000E+07   0.69063003E+00   0.16687160E+01   0.63132729E+02   0.11736353E+03   0.25271082E-02   0.61378336E-02   0.50252834E+02   0.40823437E+01
  0.40000000E+02   0.87096359E+03   0.11280000E+07   0.69328311E+00   0.17878457E+01   0.63116235E+02   0.12557636E+03   0.22110823E-02   0.57308674E-02   0.50288532E+02   0.40705296E+01
  0.40000000E+02   0.93325430E+03   0.19810000E+07   0.68978110E+00   0.19147664E+01   0.63094404E+02   0.13466184E+03   0.19170565E-02   0.53524269E-02   0.50312940E+02   0.40719182E+01
  0.40000000E+02   0.10000000E+04   0.12880000E+07   0.69127240E+00   0.20531731E+01   0.63148669E+02   0.14444282E+03   0.16744862E-02   0.49977139E-02   0.50335807E+02   0.40644532E+01
