  0.10000000E+03   0.10000000E+01   0.19110000E+07   0.15549906E+00   0.50510708E-01   0.90149119E+02   0.30317880E+01   0.49979165E+00   0.17316716E+00   0.15081778E+01   0.19701063E+02
  0.10000000E+03   0.10715193E+01   0.15840000E+07   0.15548056E+00   0.50570953E-01   0.90149295E+02   0.30339892E+01   0.49989789E+00   0.17339787E+00   0.15036785E+01   0.19719025E+02
  0.10000000E+03   0.11481536E+01   0.11770000E+07   0.15551742E+00   0.50470909E-01   0.90145564E+02   0.30287982E+01   0.49981247E+00   0.17294589E+00   0.15242317E+01   0.19673764E+02
  0.10000000E+03   0.12302688E+01   0.15420000E+07   0.15551554E+00   0.50529625E-01   0.90149167E+02   0.30323584E+01   0.49980327E+00   0.17322685E+00   0.15035946E+01   0.19707113E+02
  0.10000000E+03   0.13182567E+01   0.10930000E+07   0.15545049E+00   0.50490318E-01   0.90151340E+02   0.30284228E+01   0.49969406E+00   0.17307379E+00   0.15254078E+01   0.19703145E+02
  0.10000000E+03   0.14125375E+01   0.15730000E+07   0.15546606E+00   0.50511346E-01   0.90148748E+02   0.30316180E+01   0.49968152E+00   0.17313130E+00   0.15346922E+01   0.19696983E+02
  0.10000000E+03   0.15135612E+01   0.15240000E+07   0.15549862E+00   0.50511037E-01   0.90144881E+02   0.30337709E+01   0.49965127E+00   0.17312684E+00   0.15487012E+01   0.19695142E+02
  0.10000000E+03   0.16218101E+01   0.15300000E+07   0.15539206E+00   0.50553847E-01   0.90152144E+02   0.30363235E+01   0.49937700E+00   0.17324509E+00   0.15666095E+01   0.19707289E+02
  0.10000000E+03   0.17378008E+01   0.11710000E+07   0.15544454E+00   0.50503165E-01   0.90152325E+02   0.30311183E+01   0.49939278E+00   0.17307040E+00   0.15474060E+01   0.19689818E+02
  0.10000000E+03   0.18620871E+01   0.18390000E+07   0.15545733E+00   0.50519090E-01   0.90149593E+02   0.30357487E+01   0.49936922E+00   0.17318514E+00   0.15605689E+01   0.19698165E+02
  0.10000000E+03   0.19952623E+01   0.10730000E+07   0.15550854E+00   0.50479170E-01   0.90148227E+02   0.30353057E+01   0.49951348E+00   0.17287959E+00   0.15388870E+01   0.19668720E+02
  0.10000000E+03   0.21379621E+01   0.11610000E+07   0.15537330E+00   0.50566739E-01   0.90153903E+02   0.30392684E+01   0.49896820E+00   0.17320152E+00   0.16013637E+01   0.19699835E+02
  0.10000000E+03   0.22908677E+01   0.13250000E+07   0.15546172E+00   0.50487639E-01   0.90149564E+02   0.30387915E+01   0.49914300E+00   0.17299786E+00   0.15808505E+01   0.19681868E+02
  0.10000000E+03   0.24547089E+01   0.47000000E+06   0.15548072E+00   0.50605751E-01   0.90152589E+02   0.30411446E+01   0.49912191E+00   0.17317334E+00   0.15626729E+01   0.19691871E+02
  0.10000000E+03   0.26302680E+01   0.12930000E+07   0.15551039E+00   0.50599188E-01   0.90146862E+02   0.30457085E+01   0.49894858E+00   0.17304297E+00   0.16016068E+01   0.19687650E+02
  0.10000000E+03   0.28183829E+01   0.12950000E+07   0.15549068E+00   0.50577452E-01   0.90148634E+02   0.30442085E+01   0.49890299E+00   0.17312670E+00   0.16089736E+01   0.19713663E+02
  0.10000000E+03   0.30199517E+01   0.12960000E+07   0.15544532E+00   0.50605686E-01   0.90152327E+02   0.30467444E+01   0.49855490E+00   0.17302617E+00   0.16285101E+01   0.19693280E+02
  0.10000000E+03   0.32359366E+01   0.11670000E+07   0.15557784E+00   0.50580123E-01   0.90140568E+02   0.30516367E+01   0.49867403E+00   0.17291933E+00   0.16416224E+01   0.19670799E+02
  0.10000000E+03   0.34673685E+01   0.12760000E+07   0.15552141E+00   0.50542786E-01   0.90145371E+02   0.30507867E+01   0.49831845E+00   0.17268269E+00   0.16686084E+01   0.19658970E+02
  0.10000000E+03   0.37153523E+01   0.11340000E+07   0.15553900E+00   0.50629859E-01   0.90143994E+02   0.30587253E+01   0.49826182E+00   0.17293596E+00   0.16805169E+01   0.19687503E+02
  0.10000000E+03   0.39810717E+01   0.16040000E+07   0.15547066E+00   0.50623745E-01   0.90149635E+02   0.30589282E+01   0.49768002E+00   0.17280797E+00   0.17249908E+01   0.19668149E+02
  0.10000000E+03   0.42657952E+01   0.10410000E+07   0.15543274E+00   0.50681105E-01   0.90152221E+02   0.30665814E+01   0.49708333E+00   0.17275153E+00   0.17777008E+01   0.19662170E+02
  0.10000000E+03   0.45708819E+01   0.15250000E+07   0.15551957E+00   0.50669243E-01   0.90145505E+02   0.30708190E+01   0.49698358E+00   0.17261948E+00   0.17975917E+01   0.19644581E+02
  0.10000000E+03   0.48977882E+01   0.15620000E+07   0.15550873E+00   0.50659041E-01   0.90145039E+02   0.30748104E+01   0.49664134E+00   0.17252859E+00   0.18396664E+01   0.19647936E+02
  0.10000000E+03   0.52480746E+01   0.14710000E+07   0.15553045E+00   0.50729433E-01   0.90145722E+02   0.30863090E+01   0.49610188E+00   0.17250674E+00   0.18800344E+01   0.19633867E+02
  0.10000000E+03   0.56234133E+01   0.14190000E+07   0.15551911E+00   0.50810129E-01   0.90147131E+02   0.30962571E+01   0.49557244E+00   0.17253427E+00   0.19307961E+01   0.19645673E+02
  0.10000000E+03   0.60255959E+01   0.12250000E+07   0.15548237E+00   0.50822079E-01   0.90148977E+02   0.31036646E+01   0.49494981E+00   0.17250011E+00   0.19914619E+01   0.19640199E+02
  0.10000000E+03   0.64565423E+01   0.11450000E+07   0.15543617E+00   0.50948502E-01   0.90148676E+02   0.31162514E+01   0.49392339E+00   0.17254913E+00   0.21074753E+01   0.19659978E+02
  0.10000000E+03   0.69183097E+01   0.96300000E+06   0.15544772E+00   0.50863851E-01   0.90150596E+02   0.31245055E+01   0.49323531E+00   0.17193439E+00   0.21548707E+01   0.19587850E+02
  0.10000000E+03   0.74131024E+01   0.16650000E+07   0.15547953E+00   0.51061420E-01   0.90146477E+02   0.31443386E+01   0.49200647E+00   0.17199658E+00   0.22917825E+01   0.19598027E+02
  0.10000000E+03   0.79432823E+01   0.15250000E+07   0.15559221E+00   0.51069368E-01   0.90140540E+02   0.31551602E+01   0.49133073E+00   0.17172787E+00   0.23615148E+01   0.19578571E+02
  0.10000000E+03   0.85113804E+01   0.86300000E+06   0.15552611E+00   0.51214665E-01   0.90147709E+02   0.31755897E+01   0.48984810E+00   0.17175157E+00   0.24789725E+01   0.19584320E+02
  0.10000000E+03   0.91201084E+01   0.12880000E+07   0.15549516E+00   0.51299861E-01   0.90143662E+02   0.31973728E+01   0.48814967E+00   0.17134908E+00   0.26794979E+01   0.19533849E+02
  0.10000000E+03   0.97723722E+01   0.73300000E+06   0.15530061E+00   0.51340674E-01   0.90157737E+02   0.32181033E+01   0.48602805E+00   0.17112585E+00   0.28659374E+01   0.19522302E+02
  0.10000000E+03   0.10471285E+02   0.94200000E+06   0.15550875E+00   0.51469966E-01   0.90145599E+02   0.32458744E+01   0.48458532E+00   0.17072592E+00   0.30091799E+01   0.19505834E+02
  0.10000000E+03   0.11220185E+02   0.94900000E+06   0.15551772E+00   0.51793163E-01   0.90150069E+02   0.32798766E+01   0.48230148E+00   0.17067365E+00   0.32248939E+01   0.19521716E+02
  0.10000000E+03   0.12022644E+02   0.12540000E+07   0.15543068E+00   0.51823585E-01   0.90149926E+02   0.33147099E+01   0.47961124E+00   0.17008667E+00   0.35045584E+01   0.19430816E+02
  0.10000000E+03   0.12882496E+02   0.12740000E+07   0.15552668E+00   0.52029486E-01   0.90146173E+02   0.33532205E+01   0.47699198E+00   0.16944125E+00   0.37571758E+01   0.19402403E+02
  0.10000000E+03   0.13803843E+02   0.11820000E+07   0.15548996E+00   0.52261592E-01   0.90149711E+02   0.33971329E+01   0.47373224E+00   0.16904235E+00   0.40681546E+01   0.19360653E+02
  0.10000000E+03   0.14791084E+02   0.11110000E+07   0.15549391E+00   0.52491623E-01   0.90150624E+02   0.34486750E+01   0.47010082E+00   0.16840954E+00   0.44139734E+01   0.19313284E+02
  0.10000000E+03   0.15848932E+02   0.13210000E+07   0.15547717E+00   0.52802842E-01   0.90145284E+02   0.35097392E+01   0.46585118E+00   0.16781351E+00   0.48542574E+01   0.19266572E+02
  0.10000000E+03   0.16982437E+02   0.80700000E+06   0.15547718E+00   0.53181049E-01   0.90148036E+02   0.35783900E+01   0.46111890E+00   0.16700764E+00   0.53232480E+01   0.19195477E+02
  0.10000000E+03   0.18197009E+02   0.10690000E+07   0.15545729E+00   0.53559614E-01   0.90152815E+02   0.36528793E+01   0.45590882E+00   0.16623107E+00   0.58114959E+01   0.19126238E+02
  0.10000000E+03   0.19498446E+02   0.13480000E+07   0.15545591E+00   0.53931822E-01   0.90147896E+02   0.37344475E+01   0.45008741E+00   0.16508429E+00   0.63894596E+01   0.19042563E+02
  0.10000000E+03   0.20892961E+02   0.13500000E+07   0.15549266E+00   0.54432121E-01   0.90148704E+02   0.38238543E+01   0.44337903E+00   0.16375028E+00   0.70467062E+01   0.18922902E+02
  0.10000000E+03   0.22387211E+02   0.11140000E+07   0.15554135E+00   0.54996500E-01   0.90144336E+02   0.39295788E+01   0.43635185E+00   0.16267136E+00   0.77340426E+01   0.18837325E+02
  0.10000000E+03   0.23988329E+02   0.95000000E+06   0.15554448E+00   0.55662067E-01   0.90142713E+02   0.40518236E+01   0.42823177E+00   0.16122922E+00   0.85403279E+01   0.18724960E+02
  0.10000000E+03   0.25703958E+02   0.11230000E+07   0.15551880E+00   0.56369973E-01   0.90150768E+02   0.41806453E+01   0.41923010E+00   0.15967624E+00   0.94014565E+01   0.18603771E+02
  0.10000000E+03   0.27542287E+02   0.82900000E+06   0.15556989E+00   0.57150925E-01   0.90144850E+02   0.43152737E+01   0.40948572E+00   0.15764654E+00   0.10362518E+02   0.18460590E+02
  0.10000000E+03   0.29512092E+02   0.12000000E+07   0.15545304E+00   0.58155898E-01   0.90151111E+02   0.44775464E+01   0.39843341E+00   0.15585770E+00   0.11434013E+02   0.18309943E+02
  0.10000000E+03   0.31622777E+02   0.79000000E+06   0.15550506E+00   0.59181498E-01   0.90145435E+02   0.46596745E+01   0.38709986E+00   0.15388131E+00   0.12573626E+02   0.18159985E+02
  0.10000000E+03   0.33884416E+02   0.91700000E+06   0.15543717E+00   0.60465937E-01   0.90145905E+02   0.48604282E+01   0.37425294E+00   0.15150684E+00   0.13831516E+02   0.17959857E+02
  0.10000000E+03   0.36307805E+02   0.10210000E+07   0.15551595E+00   0.61705942E-01   0.90141307E+02   0.50723713E+01   0.36079541E+00   0.14865245E+00   0.15147378E+02   0.17706617E+02
  0.10000000E+03   0.38904514E+02   0.10430000E+07   0.15546583E+00   0.63145329E-01   0.90143086E+02   0.53066988E+01   0.34642838E+00   0.14578574E+00   0.16569617E+02   0.17484109E+02
  0.10000000E+03   0.41686938E+02   0.10000000E+07   0.15541648E+00   0.64895082E-01   0.90154933E+02   0.55623344E+01   0.33120795E+00   0.14281960E+00   0.18050020E+02   0.17274092E+02
  0.10000000E+03   0.44668359E+02   0.10990000E+07   0.15549289E+00   0.66668113E-01   0.90146540E+02   0.58386882E+01   0.31548864E+00   0.13924013E+00   0.19583341E+02   0.16989309E+02
  0.10000000E+03   0.47863009E+02   0.10930000E+07   0.15545193E+00   0.68761289E-01   0.90151418E+02   0.61514481E+01   0.29893896E+00   0.13575946E+00   0.21214411E+02   0.16715214E+02
  0.10000000E+03   0.51286138E+02   0.85200000E+06   0.15556978E+00   0.71106117E-01   0.90138147E+02   0.64929193E+01   0.28220825E+00   0.13194433E+00   0.22846650E+02   0.16422723E+02
  0.10000000E+03   0.54954087E+02   0.11210000E+07   0.15563421E+00   0.73606622E-01   0.90144637E+02   0.68525824E+01   0.26513528E+00   0.12792052E+00   0.24521967E+02   0.16125825E+02
  0.10000000E+03   0.58884366E+02   0.95500000E+06   0.15563007E+00   0.76429977E-01   0.90145784E+02   0.72488777E+01   0.24776407E+00   0.12367289E+00   0.26211776E+02   0.15788217E+02
  0.10000000E+03   0.63095734E+02   0.10850000E+07   0.15544428E+00   0.79473846E-01   0.90147268E+02   0.76759819E+01   0.23019585E+00   0.11948596E+00   0.27940567E+02   0.15500395E+02
  0.10000000E+03   0.67608298E+02   0.95500000E+06   0.15571359E+00   0.83123252E-01   0.90145708E+02   0.81450023E+01   0.21338566E+00   0.11523264E+00   0.29593379E+02   0.15187095E+02
  0.10000000E+03   0.72443596E+02   0.10280000E+07   0.15553026E+00   0.86808922E-01   0.90147475E+02   0.86461480E+01   0.19641042E+00   0.11072168E+00   0.31253726E+02   0.14852979E+02
  0.10000000E+03   0.77624712E+02   0.94900000E+06   0.15560955E+00   0.90898885E-01   0.90147716E+02   0.91982582E+01   0.18021301E+00   0.10608067E+00   0.32829028E+02   0.14531996E+02
  0.10000000E+03   0.83176377E+02   0.10970000E+07   0.15538456E+00   0.95592717E-01   0.90156431E+02   0.97968765E+01   0.16427632E+00   0.10166375E+00   0.34415739E+02   0.14211026E+02
  0.10000000E+03   0.89125094E+02   0.11110000E+07   0.15547591E+00   0.10046596E+00   0.90156195E+02   0.10408382E+02   0.14941918E+00   0.96967868E-01   0.35843233E+02   0.13884965E+02
  0.10000000E+03   0.95499259E+02   0.96900000E+06   0.15561260E+00   0.10597497E+00   0.90153063E+02   0.11113144E+02   0.13547193E+00   0.92596134E-01   0.37229979E+02   0.13582730E+02
  0.10000000E+03   0.10232930E+03   0.13530000E+07   0.15547247E+00   0.11190275E+00   0.90141611E+02   0.11837905E+02   0.12209992E+00   0.88044837E-01   0.38536001E+02   0.13283990E+02
  0.10000000E+03   0.10964782E+03   0.59000000E+06   0.15549846E+00   0.11835383E+00   0.90155655E+02   0.12647484E+02   0.10974773E+00   0.83700093E-01   0.39746418E+02   0.13011895E+02
  0.10000000E+03   0.11748976E+03   0.10200000E+07   0.15543858E+00   0.12514232E+00   0.90160982E+02   0.13477781E+02   0.98310685E-01   0.79223636E-01   0.40872034E+02   0.12740128E+02
  0.10000000E+03   0.12589254E+03   0.12470000E+07   0.15547802E+00   0.13268317E+00   0.90125651E+02   0.14405925E+02   0.87833493E-01   0.74991453E-01   0.41904058E+02   0.12500313E+02
  0.10000000E+03   0.13489629E+03   0.61500000E+06   0.15516370E+00   0.14111609E+00   0.90153784E+02   0.15399481E+02   0.78074465E-01   0.71002666E-01   0.42859658E+02   0.12261404E+02
  0.10000000E+03   0.14454398E+03   0.80700000E+06   0.15571637E+00   0.14967765E+00   0.90139261E+02   0.16436369E+02   0.69639565E-01   0.66924760E-01   0.43686890E+02   0.12040015E+02
  0.10000000E+03   0.15488166E+03   0.10990000E+07   0.15545326E+00   0.15930348E+00   0.90156786E+02   0.17582599E+02   0.61642396E-01   0.63180969E-01   0.44443608E+02   0.11834836E+02
  0.10000000E+03   0.16595869E+03   0.11980000E+07   0.15562740E+00   0.16947257E+00   0.90149430E+02   0.18798620E+02   0.54628169E-01   0.59492069E-01   0.45150119E+02   0.11658265E+02
  0.10000000E+03   0.17782794E+03   0.86900000E+06   0.15542565E+00   0.18035560E+00   0.90142000E+02   0.20119268E+02   0.48154430E-01   0.55893396E-01   0.45776156E+02   0.11455969E+02
  0.10000000E+03   0.19054607E+03   0.71700000E+06   0.15571769E+00   0.19236111E+00   0.90183816E+02   0.21524395E+02   0.42540857E-01   0.52536243E-01   0.46311614E+02   0.11322427E+02
  0.10000000E+03   0.20417379E+03   0.13950000E+07   0.15540037E+00   0.20547743E+00   0.90147394E+02   0.23055605E+02   0.37393602E-01   0.49445485E-01   0.46823753E+02   0.11175765E+02
  0.10000000E+03   0.21877616E+03   0.92400000E+06   0.15545902E+00   0.21931074E+00   0.90163198E+02   0.24645925E+02   0.32902814E-01   0.46399898E-01   0.47265708E+02   0.11075988E+02
  0.10000000E+03   0.23442288E+03   0.13430000E+07   0.15533999E+00   0.23416209E+00   0.90151734E+02   0.26396848E+02   0.28867012E-01   0.43526759E-01   0.47661169E+02   0.10931607E+02
  0.10000000E+03   0.25118864E+03   0.10970000E+07   0.15559212E+00   0.25010361E+00   0.90136910E+02   0.28261851E+02   0.25369339E-01   0.40795505E-01   0.48008602E+02   0.10829267E+02
  0.10000000E+03   0.26915348E+03   0.10040000E+07   0.15554765E+00   0.26705860E+00   0.90114707E+02   0.30277537E+02   0.22233184E-01   0.38176114E-01   0.48331011E+02   0.10746399E+02
  0.10000000E+03   0.28840315E+03   0.13490000E+07   0.15553593E+00   0.28575283E+00   0.90131119E+02   0.32439919E+02   0.19469097E-01   0.35795242E-01   0.48588073E+02   0.10661160E+02
  0.10000000E+03   0.30902954E+03   0.13150000E+07   0.15548351E+00   0.30538144E+00   0.90119305E+02   0.34704397E+02   0.17032524E-01   0.33487559E-01   0.48836660E+02   0.10585887E+02
  0.10000000E+03   0.33113112E+03   0.13860000E+07   0.15542969E+00   0.32657311E+00   0.90178417E+02   0.37170533E+02   0.14891838E-01   0.31318037E-01   0.49038331E+02   0.10531801E+02
  0.10000000E+03   0.35481339E+03   0.70800000E+06   0.15511529E+00   0.34980198E+00   0.90174870E+02   0.39800742E+02   0.12988685E-01   0.29324392E-01   0.49215453E+02   0.10457499E+02
  0.10000000E+03   0.38018940E+03   0.10800000E+07   0.15511700E+00   0.37390150E+00   0.90213106E+02   0.42652369E+02   0.11370726E-01   0.27406911E-01   0.49395892E+02   0.10411808E+02
  0.10000000E+03   0.40738028E+03   0.14760000E+07   0.15613563E+00   0.40070753E+00   0.90105791E+02   0.45713112E+02   0.99862030E-02   0.25643248E-01   0.49513473E+02   0.10373524E+02
  0.10000000E+03   0.43651583E+03   0.17640000E+07   0.15506124E+00   0.42847968E+00   0.90203969E+02   0.48968786E+02   0.86542639E-02   0.23953283E-01   0.49659486E+02   0.10333057E+02
  0.10000000E+03   0.46773514E+03   0.10100000E+07   0.15530309E+00   0.45863976E+00   0.90187858E+02   0.52378284E+02   0.75717401E-02   0.22381398E-01   0.49771145E+02   0.10287369E+02
  0.10000000E+03   0.50118723E+03   0.17660000E+07   0.15531695E+00   0.49112150E+00   0.90128927E+02   0.56145564E+02   0.66022551E-02   0.20919939E-01   0.49858020E+02   0.10268075E+02
  0.10000000E+03   0.53703180E+03   0.12600000E+07   0.15464573E+00   0.52540361E+00   0.90242505E+02   0.60175128E+02   0.57417725E-02   0.19529827E-01   0.49930844E+02   0.10247470E+02
  0.10000000E+03   0.57543994E+03   0.12540000E+07   0.15510499E+00   0.56326460E+00   0.90167991E+02   0.64454791E+02   0.50211530E-02   0.18242275E-01   0.50009417E+02   0.10215426E+02
  0.10000000E+03   0.61659500E+03   0.17010000E+07   0.15530564E+00   0.60321458E+00   0.90132460E+02   0.69079279E+02   0.43822986E-02   0.17055033E-01   0.50071243E+02   0.10187287E+02
  0.10000000E+03   0.66069345E+03   0.14620000E+07   0.15504363E+00   0.64636487E+00   0.90189014E+02   0.73979024E+02   0.38161089E-02   0.15932523E-01   0.50116771E+02   0.10178471E+02
  0.10000000E+03   0.70794578E+03   0.19140000E+07   0.15516691E+00   0.69270456E+00   0.90135372E+02   0.79280082E+02   0.33262873E-02   0.14877784E-01   0.50168543E+02   0.10161307E+02
  0.10000000E+03   0.75857758E+03   0.96300000E+06   0.15532034E+00   0.74129061E+00   0.90104538E+02   0.84963766E+02   0.29046127E-02   0.13875391E-01   0.50232282E+02   0.10149378E+02
  0.10000000E+03   0.81283052E+03   0.14770000E+07   0.15466482E+00   0.79418483E+00   0.90212915E+02   0.90948525E+02   0.25246063E-02   0.12970010E-01   0.50255859E+02   0.10129968E+02
  0.10000000E+03   0.87096359E+03   0.16210000E+07   0.15508748E+00   0.85014309E+00   0.90187040E+02   0.97603808E+02   0.22031434E-02   0.12097265E-01   0.50288620E+02   0.10131390E+02
  0.10000000E+03   0.93325430E+03   0.16540000E+07   0.15628654E+00   0.91097902E+00   0.90117171E+02   0.10447859E+03   0.19371767E-02   0.11298611E-01   0.50310400E+02   0.10113622E+02
  0.10000000E+03   0.10000000E+04   0.14910000E+07   0.15587575E+00   0.97626957E+00   0.90161687E+02   0.11198683E+03   0.16799902E-02   0.10550980E-01   0.50341892E+02   0.10110133E+02
