  0.10000000E+01   0.10000000E+01   0.33300000E+06   0.19976817E+01   0.77355297E-02  -0.28822111E+01   0.45002616E+00   0.49985273E+00   0.19369097E-02   0.15140744E+01   0.22030576E+00
  0.10715193E+01   0.10000000E+01   0.24600000E+06   0.19973350E+01   0.81921183E-02  -0.28647665E+01   0.47701950E+00   0.49985340E+00   0.20523161E-02   0.15140399E+01   0.23360782E+00
  0.11481536E+01   0.10000000E+01   0.27200000E+06   0.19969287E+01   0.86440770E-02  -0.28446013E+01   0.50353604E+00   0.49985608E+00   0.21662582E-02   0.15139533E+01   0.24668418E+00
  0.12302688E+01   0.10000000E+01   0.42900000E+06   0.19964756E+01   0.91657804E-02  -0.28221444E+01   0.53370182E+00   0.49985650E+00   0.22982881E-02   0.15141257E+01   0.26157030E+00
  0.13182567E+01   0.10000000E+01   0.37200000E+06   0.19959878E+01   0.97215596E-02  -0.27969947E+01   0.56611478E+00   0.49984816E+00   0.24386763E-02   0.15146855E+01   0.27756446E+00
  0.14125375E+01   0.10000000E+01   0.28300000E+06   0.19953629E+01   0.10347347E-01  -0.27653797E+01   0.60177225E+00   0.49985549E+00   0.25970709E-02   0.15139385E+01   0.29516442E+00
  0.15135612E+01   0.10000000E+01   0.64100000E+06   0.19946795E+01   0.11002021E-01  -0.27313093E+01   0.64016464E+00   0.49985443E+00   0.27636897E-02   0.15142647E+01   0.31425644E+00
  0.16218101E+01   0.10000000E+01   0.36400000E+06   0.19939033E+01   0.11727134E-01  -0.26919853E+01   0.68215991E+00   0.49985268E+00   0.29482936E-02   0.15143699E+01   0.33511432E+00
  0.17378008E+01   0.10000000E+01   0.41600000E+06   0.19929903E+01   0.12443204E-01  -0.26450635E+01   0.72496444E+00   0.49985437E+00   0.31314890E-02   0.15137942E+01   0.35643591E+00
  0.18620871E+01   0.10000000E+01   0.31800000E+06   0.19919382E+01   0.13236741E-01  -0.25924532E+01   0.77083755E+00   0.49985853E+00   0.33335977E-02   0.15136502E+01   0.37925476E+00
  0.19952623E+01   0.10000000E+01   0.41300000E+06   0.19907758E+01   0.14108995E-01  -0.25349803E+01   0.82107984E+00   0.49985379E+00   0.35575642E-02   0.15147341E+01   0.40439392E+00
  0.21379621E+01   0.10000000E+01   0.30900000E+06   0.19894125E+01   0.15070078E-01  -0.24651645E+01   0.87748758E+00   0.49985540E+00   0.38059345E-02   0.15140862E+01   0.43269514E+00
  0.22908677E+01   0.10000000E+01   0.45600000E+06   0.19878612E+01   0.16054539E-01  -0.23864087E+01   0.93608814E+00   0.49985305E+00   0.40594906E-02   0.15141039E+01   0.46226211E+00
  0.24547089E+01   0.10000000E+01   0.42200000E+06   0.19861167E+01   0.17144357E-01  -0.22989742E+01   0.99888560E+00   0.49984324E+00   0.43425780E-02   0.15154036E+01   0.49398011E+00
  0.26302680E+01   0.10000000E+01   0.56000000E+06   0.19839792E+01   0.18261872E-01  -0.21908581E+01   0.10635489E+01   0.49986568E+00   0.46360635E-02   0.15131193E+01   0.52690414E+00
  0.28183829E+01   0.10000000E+01   0.43000000E+06   0.19816454E+01   0.19468821E-01  -0.20713224E+01   0.11358836E+01   0.49986047E+00   0.49540785E-02   0.15127758E+01   0.56398751E+00
  0.30199517E+01   0.10000000E+01   0.56800000E+06   0.19790157E+01   0.20779713E-01  -0.19400368E+01   0.12132518E+01   0.49984560E+00   0.53001270E-02   0.15149936E+01   0.60369230E+00
  0.32359366E+01   0.10000000E+01   0.29900000E+06   0.19759284E+01   0.22149081E-01  -0.17839843E+01   0.12933245E+01   0.49984912E+00   0.56691432E-02   0.15145723E+01   0.64533645E+00
  0.34673685E+01   0.10000000E+01   0.61600000E+06   0.19723280E+01   0.23588172E-01  -0.16031891E+01   0.13776417E+01   0.49986823E+00   0.60587657E-02   0.15132262E+01   0.68957397E+00
  0.37153523E+01   0.10000000E+01   0.57400000E+06   0.19683445E+01   0.25176304E-01  -0.14007341E+01   0.14704659E+01   0.49985823E+00   0.64930485E-02   0.15135551E+01   0.73871745E+00
  0.39810717E+01   0.10000000E+01   0.52700000E+06   0.19637902E+01   0.26846274E-01  -0.11717628E+01   0.15680514E+01   0.49984375E+00   0.69505960E-02   0.15154925E+01   0.79045918E+00
  0.42657952E+01   0.10000000E+01   0.73100000E+06   0.19584866E+01   0.28572785E-01  -0.90499780E+00   0.16705116E+01   0.49985816E+00   0.74411288E-02   0.15146266E+01   0.84638195E+00
  0.45708819E+01   0.10000000E+01   0.71000000E+06   0.19525061E+01   0.30394316E-01  -0.60286843E+00   0.17781388E+01   0.49984952E+00   0.79629725E-02   0.15154213E+01   0.90560009E+00
  0.48977882E+01   0.10000000E+01   0.67900000E+06   0.19457071E+01   0.32334830E-01  -0.25891675E+00   0.18939544E+01   0.49983358E+00   0.85268034E-02   0.15166671E+01   0.97036732E+00
  0.52480746E+01   0.10000000E+01   0.14870000E+07   0.19378623E+01   0.34356905E-01   0.13755577E+00   0.20142054E+01   0.49984443E+00   0.91312068E-02   0.15154444E+01   0.10388352E+01
  0.56234133E+01   0.10000000E+01   0.43000000E+06   0.19289710E+01   0.36420419E-01   0.59004417E+00   0.21369787E+01   0.49984813E+00   0.97703810E-02   0.15132952E+01   0.11113690E+01
  0.60255959E+01   0.10000000E+01   0.79400000E+06   0.19188143E+01   0.38686618E-01   0.11001012E+01   0.22704761E+01   0.49985998E+00   0.10480769E-01   0.15136331E+01   0.11909899E+01
  0.64565423E+01   0.10000000E+01   0.88700000E+06   0.19073966E+01   0.40921783E-01   0.16775009E+01   0.24077206E+01   0.49984250E+00   0.11215792E-01   0.15148943E+01   0.12757981E+01
  0.69183097E+01   0.10000000E+01   0.62100000E+06   0.18943638E+01   0.43282398E-01   0.23351253E+01   0.25498208E+01   0.49984711E+00   0.12018465E-01   0.15147361E+01   0.13665751E+01
  0.74131024E+01   0.10000000E+01   0.85100000E+06   0.18795772E+01   0.45519951E-01   0.30821862E+01   0.26902542E+01   0.49985787E+00   0.12837991E-01   0.15134863E+01   0.14609304E+01
  0.79432823E+01   0.10000000E+01   0.85500000E+06   0.18630718E+01   0.48071077E-01   0.39145421E+01   0.28441735E+01   0.49981598E+00   0.13793244E-01   0.15182358E+01   0.15684632E+01
  0.85113804E+01   0.10000000E+01   0.55800000E+06   0.18441634E+01   0.50535046E-01   0.48705758E+01   0.29994874E+01   0.49987513E+00   0.14771031E-01   0.15117739E+01   0.16808601E+01
  0.91201084E+01   0.10000000E+01   0.99000000E+06   0.18232204E+01   0.52948385E-01   0.59278848E+01   0.31500058E+01   0.49983557E+00   0.15805122E-01   0.15158518E+01   0.17975783E+01
  0.97723722E+01   0.10000000E+01   0.81200000E+06   0.17995348E+01   0.55345284E-01   0.71261266E+01   0.33044735E+01   0.49984427E+00   0.16949140E-01   0.15137855E+01   0.19282172E+01
  0.10471285E+02   0.10000000E+01   0.95300000E+06   0.17732380E+01   0.57733487E-01   0.84513579E+01   0.34573785E+01   0.49984794E+00   0.18158191E-01   0.15150264E+01   0.20643300E+01
  0.11220185E+02   0.10000000E+01   0.11640000E+07   0.17437577E+01   0.59988592E-01   0.99410828E+01   0.36113814E+01   0.49986122E+00   0.19459659E-01   0.15130545E+01   0.22155908E+01
  0.12022644E+02   0.10000000E+01   0.92600000E+06   0.17111783E+01   0.62089370E-01   0.11588069E+02   0.37534000E+01   0.49986403E+00   0.20847680E-01   0.15117827E+01   0.23725008E+01
  0.12882496E+02   0.10000000E+01   0.10270000E+07   0.16752809E+01   0.64024885E-01   0.13398426E+02   0.38912908E+01   0.49985121E+00   0.22328972E-01   0.15144768E+01   0.25406430E+01
  0.13803843E+02   0.10000000E+01   0.12490000E+07   0.16357914E+01   0.65777622E-01   0.15388137E+02   0.40166333E+01   0.49984992E+00   0.23913856E-01   0.15174082E+01   0.27182273E+01
  0.14791084E+02   0.10000000E+01   0.91700000E+06   0.15925777E+01   0.67316029E-01   0.17575243E+02   0.41411313E+01   0.49990878E+00   0.25591754E-01   0.15086065E+01   0.29141253E+01
  0.15848932E+02   0.10000000E+01   0.79300000E+06   0.15457888E+01   0.68653668E-01   0.19935298E+02   0.42474849E+01   0.49988271E+00   0.27467873E-01   0.15130345E+01   0.31248405E+01
  0.16982437E+02   0.10000000E+01   0.10590000E+07   0.14953335E+01   0.69811477E-01   0.22486701E+02   0.43473290E+01   0.49983661E+00   0.29413935E-01   0.15152498E+01   0.33477038E+01
  0.18197009E+02   0.10000000E+01   0.87400000E+06   0.14412961E+01   0.70542991E-01   0.25215220E+02   0.44302743E+01   0.49983939E+00   0.31523035E-01   0.15151732E+01   0.35839832E+01
  0.19498446E+02   0.10000000E+01   0.81800000E+06   0.13837688E+01   0.71290091E-01   0.28121559E+02   0.45032950E+01   0.49981340E+00   0.33772114E-01   0.15168805E+01   0.38410199E+01
  0.20892961E+02   0.10000000E+01   0.77600000E+06   0.13230101E+01   0.71631092E-01   0.31184203E+02   0.45497538E+01   0.49981908E+00   0.36164944E-01   0.15209271E+01   0.41102114E+01
  0.22387211E+02   0.10000000E+01   0.15580000E+07   0.12595282E+01   0.71847184E-01   0.34393168E+02   0.46021915E+01   0.49990981E+00   0.38745702E-01   0.15091387E+01   0.44095385E+01
  0.23988329E+02   0.10000000E+01   0.12800000E+07   0.11937312E+01   0.72034448E-01   0.37714608E+02   0.46359156E+01   0.49984295E+00   0.41544219E-01   0.15168974E+01   0.47242654E+01
  0.25703958E+02   0.10000000E+01   0.13630000E+07   0.11262145E+01   0.72113628E-01   0.41126342E+02   0.46569737E+01   0.49987656E+00   0.44510599E-01   0.15119313E+01   0.50615570E+01
  0.27542287E+02   0.10000000E+01   0.81500000E+06   0.10571048E+01   0.72138756E-01   0.44614533E+02   0.46694911E+01   0.49990265E+00   0.47717003E-01   0.15111950E+01   0.54267863E+01
  0.29512092E+02   0.10000000E+01   0.63400000E+06   0.98777310E+00   0.72279566E-01   0.48125294E+02   0.46797369E+01   0.49978519E+00   0.51109478E-01   0.15130586E+01   0.58179854E+01
  0.31622777E+02   0.10000000E+01   0.99300000E+06   0.91856172E+00   0.72237552E-01   0.51611804E+02   0.46701483E+01   0.49997601E+00   0.54813497E-01   0.15033690E+01   0.62317970E+01
  0.33884416E+02   0.10000000E+01   0.16890000E+07   0.85001819E+00   0.72240000E-01   0.55073377E+02   0.46593840E+01   0.49984428E+00   0.58711676E-01   0.15157332E+01   0.66789018E+01
  0.36307805E+02   0.10000000E+01   0.92000000E+06   0.78296348E+00   0.72372367E-01   0.58461527E+02   0.46405929E+01   0.49980681E+00   0.62891573E-01   0.15172075E+01   0.71492242E+01
  0.38904514E+02   0.10000000E+01   0.15390000E+07   0.71814982E+00   0.72176148E-01   0.61727977E+02   0.46036059E+01   0.49991530E+00   0.67354304E-01   0.15157011E+01   0.76608130E+01
  0.41686938E+02   0.10000000E+01   0.15910000E+07   0.65555205E+00   0.71879780E-01   0.64895224E+02   0.45536347E+01   0.49995777E+00   0.72200604E-01   0.15030868E+01   0.82103800E+01
  0.44668359E+02   0.10000000E+01   0.15440000E+07   0.59584255E+00   0.71460921E-01   0.67906316E+02   0.44942109E+01   0.49984967E+00   0.77382897E-01   0.15209304E+01   0.87980110E+01
  0.47863009E+02   0.10000000E+01   0.14570000E+07   0.53939902E+00   0.70644230E-01   0.70760308E+02   0.44188450E+01   0.49975218E+00   0.82894315E-01   0.15238844E+01   0.94276515E+01
  0.51286138E+02   0.10000000E+01   0.13300000E+07   0.48663549E+00   0.69883975E-01   0.73427947E+02   0.43367359E+01   0.49983039E+00   0.88948018E-01   0.15110794E+01   0.10120614E+02
  0.54954087E+02   0.10000000E+01   0.16550000E+07   0.43750248E+00   0.68592061E-01   0.75904195E+02   0.42355594E+01   0.49987220E+00   0.95135419E-01   0.15163746E+01   0.10818032E+02
  0.58884366E+02   0.10000000E+01   0.11200000E+07   0.39189000E+00   0.67194908E-01   0.78209565E+02   0.41249909E+01   0.49981159E+00   0.10190712E+00   0.15178670E+01   0.11594668E+02
  0.63095734E+02   0.10000000E+01   0.15510000E+07   0.35002524E+00   0.65494724E-01   0.80324361E+02   0.39967148E+01   0.49990800E+00   0.10933446E+00   0.15086063E+01   0.12438074E+02
  0.67608298E+02   0.10000000E+01   0.16630000E+07   0.31182470E+00   0.63581610E-01   0.82254321E+02   0.38654495E+01   0.49982894E+00   0.11706856E+00   0.15126555E+01   0.13319412E+02
  0.72443596E+02   0.10000000E+01   0.11780000E+07   0.27705757E+00   0.61549057E-01   0.84008304E+02   0.37264827E+01   0.49978000E+00   0.12548549E+00   0.15237338E+01   0.14267757E+02
  0.77624712E+02   0.10000000E+01   0.15000000E+07   0.24560959E+00   0.59354243E-01   0.85597205E+02   0.35857108E+01   0.49978442E+00   0.13453514E+00   0.15174301E+01   0.15292226E+02
  0.83176377E+02   0.10000000E+01   0.17790000E+07   0.21734551E+00   0.57014324E-01   0.87023513E+02   0.34321050E+01   0.49982665E+00   0.14402668E+00   0.15197920E+01   0.16379121E+02
  0.89125094E+02   0.10000000E+01   0.17670000E+07   0.19199870E+00   0.54576868E-01   0.88304702E+02   0.32820919E+01   0.50000758E+00   0.15431679E+00   0.14939926E+01   0.17545013E+02
  0.95499259E+02   0.10000000E+01   0.70000000E+06   0.16929749E+00   0.52186477E-01   0.89449850E+02   0.31361536E+01   0.49998198E+00   0.16531549E+00   0.15035255E+01   0.18814096E+02
  0.10232930E+03   0.10000000E+01   0.13680000E+07   0.14902191E+00   0.49663864E-01   0.90476081E+02   0.29805150E+01   0.49987333E+00   0.17714573E+00   0.15023753E+01   0.20149457E+02
  0.10964782E+03   0.10000000E+01   0.15820000E+07   0.13106679E+00   0.47192544E-01   0.91384780E+02   0.28304063E+01   0.50006108E+00   0.18980824E+00   0.14739211E+01   0.21615967E+02
  0.11748976E+03   0.10000000E+01   0.13170000E+07   0.11507234E+00   0.44790488E-01   0.92187693E+02   0.26870725E+01   0.50012355E+00   0.20372458E+00   0.15030195E+01   0.23172623E+02
  0.12589254E+03   0.10000000E+01   0.12600000E+07   0.10093517E+00   0.42392261E-01   0.92902073E+02   0.25478910E+01   0.49977792E+00   0.21814346E+00   0.15264321E+01   0.24813553E+02
  0.13489629E+03   0.10000000E+01   0.10700000E+07   0.88443077E-01   0.40048095E-01   0.93531226E+02   0.24133207E+01   0.49964251E+00   0.23377644E+00   0.15506336E+01   0.26559038E+02
  0.14454398E+03   0.10000000E+01   0.12060000E+07   0.77489606E-01   0.37808853E-01   0.94085615E+02   0.22829922E+01   0.49979368E+00   0.25049139E+00   0.15385114E+01   0.28491079E+02
  0.15488166E+03   0.10000000E+01   0.11140000E+07   0.67802594E-01   0.35629029E-01   0.94575558E+02   0.21564305E+01   0.49959812E+00   0.26831408E+00   0.15513765E+01   0.30525108E+02
  0.16595869E+03   0.10000000E+01   0.14780000E+07   0.59366109E-01   0.33535632E-01   0.95002063E+02   0.20394769E+01   0.50008480E+00   0.28769777E+00   0.14959077E+01   0.32715253E+02
  0.17782794E+03   0.10000000E+01   0.20420000E+07   0.51927298E-01   0.31484346E-01   0.95377354E+02   0.19245483E+01   0.50022881E+00   0.30780525E+00   0.14840587E+01   0.35012595E+02
  0.19054607E+03   0.10000000E+01   0.13950000E+07   0.45333792E-01   0.29547788E-01   0.95711193E+02   0.18156330E+01   0.49988585E+00   0.32960573E+00   0.15062031E+01   0.37517353E+02
  0.20417379E+03   0.10000000E+01   0.19640000E+07   0.39622213E-01   0.27757555E-01   0.95999291E+02   0.17185876E+01   0.50021252E+00   0.35353516E+00   0.14867793E+01   0.40230681E+02
  0.21877616E+03   0.10000000E+01   0.20370000E+07   0.34579880E-01   0.26035451E-01   0.96254070E+02   0.16222950E+01   0.49997207E+00   0.37882091E+00   0.15103090E+01   0.43120044E+02
  0.23442288E+03   0.10000000E+01   0.16110000E+07   0.30177458E-01   0.24395590E-01   0.96476642E+02   0.15342360E+01   0.49973774E+00   0.40572177E+00   0.15057446E+01   0.46143088E+02
  0.25118864E+03   0.10000000E+01   0.23820000E+07   0.26343851E-01   0.22872321E-01   0.96669090E+02   0.14537727E+01   0.49999587E+00   0.43521840E+00   0.15131249E+01   0.49481814E+02
  0.26915348E+03   0.10000000E+01   0.24290000E+07   0.22964873E-01   0.21418126E-01   0.96839609E+02   0.13768447E+01   0.49958084E+00   0.46627575E+00   0.15655418E+01   0.53033141E+02
  0.28840315E+03   0.10000000E+01   0.28420000E+07   0.20043861E-01   0.20024891E-01   0.96987929E+02   0.13029527E+01   0.49989973E+00   0.49917472E+00   0.15175790E+01   0.56790558E+02
  0.30902954E+03   0.10000000E+01   0.24500000E+07   0.17469427E-01   0.18752892E-01   0.97118048E+02   0.12378738E+01   0.49952366E+00   0.53517275E+00   0.15276785E+01   0.60867195E+02
  0.33113112E+03   0.10000000E+01   0.17850000E+07   0.15224604E-01   0.17541672E-01   0.97231902E+02   0.11760315E+01   0.49940712E+00   0.57387168E+00   0.15189881E+01   0.65263623E+02
  0.35481339E+03   0.10000000E+01   0.14070000E+07   0.13289986E-01   0.16392361E-01   0.97329442E+02   0.11205047E+01   0.50005411E+00   0.61432496E+00   0.14385590E+01   0.69868710E+02
  0.38018940E+03   0.10000000E+01   0.16760000E+07   0.11575231E-01   0.15322812E-01   0.97415932E+02   0.10668493E+01   0.49968058E+00   0.65824527E+00   0.15330870E+01   0.74876336E+02
  0.40738028E+03   0.10000000E+01   0.19230000E+07   0.10107694E-01   0.14329512E-01   0.97489997E+02   0.10218696E+01   0.50054782E+00   0.70589369E+00   0.14497325E+01   0.80309280E+02
  0.43651583E+03   0.10000000E+01   0.15480000E+07   0.88021967E-02   0.13383422E-01   0.97554422E+02   0.97883483E+00   0.50018281E+00   0.75607197E+00   0.14891546E+01   0.85943888E+02
  0.46773514E+03   0.10000000E+01   0.12430000E+07   0.76560143E-02   0.12497913E-01   0.97614076E+02   0.93650686E+00   0.49929875E+00   0.80965260E+00   0.15646443E+01   0.92153493E+02
  0.50118723E+03   0.10000000E+01   0.24460000E+07   0.66829563E-02   0.11678367E-01   0.97662981E+02   0.90160635E+00   0.50009476E+00   0.86792274E+00   0.14766976E+01   0.98750347E+02
  0.53703180E+03   0.10000000E+01   0.24510000E+07   0.58148978E-02   0.10900366E-01   0.97706431E+02   0.86703075E+00   0.49937412E+00   0.92915084E+00   0.15655310E+01   0.10572527E+03
  0.57543994E+03   0.10000000E+01   0.30670000E+07   0.50724689E-02   0.10194855E-01   0.97744198E+02   0.83898588E+00   0.50002026E+00   0.99687910E+00   0.15492897E+01   0.11341875E+03
  0.61659500E+03   0.10000000E+01   0.22980000E+07   0.44141745E-02   0.95230365E-02   0.97777683E+02   0.81187361E+00   0.49928629E+00   0.10684426E+01   0.15269991E+01   0.12156178E+03
  0.66069345E+03   0.10000000E+01   0.24270000E+07   0.38455886E-02   0.88854494E-02   0.97806497E+02   0.78802581E+00   0.49926450E+00   0.11441841E+01   0.15929985E+01   0.13019699E+03
  0.70794578E+03   0.10000000E+01   0.23300000E+07   0.33514690E-02   0.82978028E-02   0.97830684E+02   0.76490279E+00   0.49978978E+00   0.12266348E+01   0.14606060E+01   0.13946725E+03
  0.75857758E+03   0.10000000E+01   0.22010000E+07   0.29224160E-02   0.77492605E-02   0.97851838E+02   0.74713139E+00   0.50001616E+00   0.13146130E+01   0.15598994E+01   0.14945711E+03
  0.81283052E+03   0.10000000E+01   0.27360000E+07   0.25497068E-02   0.72238983E-02   0.97871120E+02   0.72801975E+00   0.50069049E+00   0.14062227E+01   0.14534632E+01   0.15998795E+03
  0.87096359E+03   0.10000000E+01   0.34020000E+07   0.22167362E-02   0.67518365E-02   0.97887750E+02   0.71362119E+00   0.49982672E+00   0.15085089E+01   0.15854751E+01   0.17156315E+03
  0.93325430E+03   0.10000000E+01   0.39440000E+07   0.19320406E-02   0.63060608E-02   0.97901809E+02   0.70042711E+00   0.50018554E+00   0.16173036E+01   0.14522088E+01   0.18386478E+03
  0.10000000E+04   0.10000000E+01   0.30440000E+07   0.16810096E-02   0.58793530E-02   0.97914699E+02   0.68673341E+00   0.49950853E+00   0.17307273E+01   0.16527378E+01   0.19687439E+03
