  0.10000000E+01   0.50000000E+02   0.66700000E+06   0.19977791E+01   0.17326377E+00  -0.28757786E+01   0.10082200E+02   0.28834640E+00   0.18039291E-01   0.22238567E+02   0.22839522E+01
  0.10715193E+01   0.50000000E+02   0.85400000E+06   0.19972330E+01   0.17317715E+00  -0.28575537E+01   0.10081025E+02   0.28837648E+00   0.18045417E-01   0.22238356E+02   0.22860445E+01
  0.11481536E+01   0.50000000E+02   0.62000000E+06   0.19969968E+01   0.17336303E+00  -0.28514358E+01   0.10084946E+02   0.28830496E+00   0.18066432E-01   0.22246959E+02   0.22863815E+01
  0.12302688E+01   0.50000000E+02   0.84700000E+06   0.19966227E+01   0.17309221E+00  -0.28271117E+01   0.10070203E+02   0.28835853E+00   0.18085833E-01   0.22240272E+02   0.22892113E+01
  0.13182567E+01   0.50000000E+02   0.63400000E+06   0.19962980E+01   0.17295179E+00  -0.28144554E+01   0.10070266E+02   0.28832984E+00   0.18101235E-01   0.22244119E+02   0.22897288E+01
  0.14125375E+01   0.50000000E+02   0.56900000E+06   0.19951024E+01   0.17342128E+00  -0.27468862E+01   0.10093172E+02   0.28833314E+00   0.18106437E-01   0.22241781E+02   0.22935284E+01
  0.15135612E+01   0.50000000E+02   0.73500000E+06   0.19944889E+01   0.17342577E+00  -0.27210337E+01   0.10088635E+02   0.28837232E+00   0.18127801E-01   0.22239245E+02   0.22957862E+01
  0.16218101E+01   0.50000000E+02   0.68500000E+06   0.19938582E+01   0.17331800E+00  -0.26867192E+01   0.10078023E+02   0.28837034E+00   0.18161949E-01   0.22238746E+02   0.22964098E+01
  0.17378008E+01   0.50000000E+02   0.82400000E+06   0.19931126E+01   0.17361074E+00  -0.26567306E+01   0.10103916E+02   0.28836509E+00   0.18177910E-01   0.22241455E+02   0.22996849E+01
  0.18620871E+01   0.50000000E+02   0.72100000E+06   0.19916228E+01   0.17308615E+00  -0.25744276E+01   0.10073667E+02   0.28836987E+00   0.18175500E-01   0.22238939E+02   0.23020479E+01
  0.19952623E+01   0.50000000E+02   0.62100000E+06   0.19906903E+01   0.17357266E+00  -0.25336101E+01   0.10092745E+02   0.28837445E+00   0.18200928E-01   0.22240533E+02   0.23026521E+01
  0.21379621E+01   0.50000000E+02   0.72000000E+06   0.19892249E+01   0.17353512E+00  -0.24548790E+01   0.10093161E+02   0.28835770E+00   0.18193447E-01   0.22240679E+02   0.23026648E+01
  0.22908677E+01   0.50000000E+02   0.62800000E+06   0.19880667E+01   0.17355992E+00  -0.24068832E+01   0.10100791E+02   0.28832501E+00   0.18269110E-01   0.22247099E+02   0.23111343E+01
  0.24547089E+01   0.50000000E+02   0.46900000E+06   0.19861646E+01   0.17362387E+00  -0.22995382E+01   0.10118878E+02   0.28832539E+00   0.18311370E-01   0.22243618E+02   0.23188098E+01
  0.26302680E+01   0.50000000E+02   0.42400000E+06   0.19846780E+01   0.17356101E+00  -0.22370436E+01   0.10103905E+02   0.28838862E+00   0.18344936E-01   0.22241251E+02   0.23210440E+01
  0.28183829E+01   0.50000000E+02   0.73500000E+06   0.19815493E+01   0.17347807E+00  -0.20624999E+01   0.10106180E+02   0.28835438E+00   0.18387880E-01   0.22239545E+02   0.23303594E+01
  0.30199517E+01   0.50000000E+02   0.62200000E+06   0.19790022E+01   0.17344270E+00  -0.19444904E+01   0.10094106E+02   0.28838522E+00   0.18444366E-01   0.22240113E+02   0.23300284E+01
  0.32359366E+01   0.50000000E+02   0.60500000E+06   0.19756997E+01   0.17363666E+00  -0.17659092E+01   0.10112537E+02   0.28836691E+00   0.18507741E-01   0.22237995E+02   0.23413662E+01
  0.34673685E+01   0.50000000E+02   0.32100000E+06   0.19725996E+01   0.17343376E+00  -0.16142926E+01   0.10110811E+02   0.28835444E+00   0.18567554E-01   0.22240980E+02   0.23474713E+01
  0.37153523E+01   0.50000000E+02   0.60900000E+06   0.19681655E+01   0.17365937E+00  -0.13886937E+01   0.10126972E+02   0.28835125E+00   0.18684697E-01   0.22240142E+02   0.23637154E+01
  0.39810717E+01   0.50000000E+02   0.99400000E+06   0.19635879E+01   0.17361739E+00  -0.11558525E+01   0.10122573E+02   0.28838719E+00   0.18781028E-01   0.22236585E+02   0.23722323E+01
  0.42657952E+01   0.50000000E+02   0.67100000E+06   0.19587918E+01   0.17371112E+00  -0.92469477E+00   0.10138446E+02   0.28834076E+00   0.18870663E-01   0.22243941E+02   0.23879297E+01
  0.45708819E+01   0.50000000E+02   0.64900000E+06   0.19526526E+01   0.17389847E+00  -0.60211625E+00   0.10142118E+02   0.28838179E+00   0.19003240E-01   0.22236584E+02   0.23996698E+01
  0.48977882E+01   0.50000000E+02   0.71200000E+06   0.19456649E+01   0.17386064E+00  -0.24578924E+00   0.10145546E+02   0.28837991E+00   0.19112797E-01   0.22235676E+02   0.24160880E+01
  0.52480746E+01   0.50000000E+02   0.22510000E+07   0.19378254E+01   0.17392859E+00   0.14253366E+00   0.10156911E+02   0.28832733E+00   0.19293752E-01   0.22243034E+02   0.24368085E+01
  0.56234133E+01   0.50000000E+02   0.81300000E+06   0.19289317E+01   0.17430672E+00   0.59596203E+00   0.10183321E+02   0.28836621E+00   0.19478346E-01   0.22237871E+02   0.24601765E+01
  0.60255959E+01   0.50000000E+02   0.10060000E+07   0.19189212E+01   0.17416682E+00   0.10957012E+01   0.10191567E+02   0.28834696E+00   0.19675477E-01   0.22241633E+02   0.24840878E+01
  0.64565423E+01   0.50000000E+02   0.10700000E+07   0.19075048E+01   0.17422957E+00   0.16739898E+01   0.10200089E+02   0.28838039E+00   0.19936727E-01   0.22237637E+02   0.25158690E+01
  0.69183097E+01   0.50000000E+02   0.12070000E+07   0.18941971E+01   0.17419224E+00   0.23440931E+01   0.10199978E+02   0.28836251E+00   0.20189912E-01   0.22239843E+02   0.25455679E+01
  0.74131024E+01   0.50000000E+02   0.10430000E+07   0.18793694E+01   0.17404495E+00   0.30910156E+01   0.10202474E+02   0.28837748E+00   0.20494184E-01   0.22239157E+02   0.25842480E+01
  0.79432823E+01   0.50000000E+02   0.10630000E+07   0.18629436E+01   0.17400191E+00   0.39151335E+01   0.10220838E+02   0.28836086E+00   0.20824915E-01   0.22243275E+02   0.26239336E+01
  0.85113804E+01   0.50000000E+02   0.10440000E+07   0.18442258E+01   0.17393955E+00   0.48624321E+01   0.10223789E+02   0.28838379E+00   0.21234984E-01   0.22239446E+02   0.26734980E+01
  0.91201084E+01   0.50000000E+02   0.12300000E+07   0.18231993E+01   0.17374632E+00   0.59284668E+01   0.10234608E+02   0.28834136E+00   0.21657285E-01   0.22242915E+02   0.27242644E+01
  0.97723722E+01   0.50000000E+02   0.90200000E+06   0.17993026E+01   0.17361045E+00   0.71361097E+01   0.10246333E+02   0.28836067E+00   0.22192004E-01   0.22239935E+02   0.27882802E+01
  0.10471285E+02   0.50000000E+02   0.10500000E+07   0.17731366E+01   0.17320985E+00   0.84651052E+01   0.10242787E+02   0.28831482E+00   0.22699489E-01   0.22242644E+02   0.28533632E+01
  0.11220185E+02   0.50000000E+02   0.98300000E+06   0.17438473E+01   0.17277531E+00   0.99434942E+01   0.10246271E+02   0.28834317E+00   0.23324097E-01   0.22240603E+02   0.29301082E+01
  0.12022644E+02   0.50000000E+02   0.10810000E+07   0.17113514E+01   0.17184659E+00   0.11568465E+02   0.10226278E+02   0.28840075E+00   0.24024152E-01   0.22238570E+02   0.30127057E+01
  0.12882496E+02   0.50000000E+02   0.91000000E+06   0.16750115E+01   0.17110408E+00   0.13403238E+02   0.10222004E+02   0.28835973E+00   0.24733297E-01   0.22243806E+02   0.31024530E+01
  0.13803843E+02   0.50000000E+02   0.10310000E+07   0.16356192E+01   0.17018100E+00   0.15404788E+02   0.10196902E+02   0.28838314E+00   0.25622262E-01   0.22238090E+02   0.32096244E+01
  0.14791084E+02   0.50000000E+02   0.73600000E+06   0.15929328E+01   0.16884998E+00   0.17559629E+02   0.10164410E+02   0.28832914E+00   0.26561482E-01   0.22242792E+02   0.33240684E+01
  0.15848932E+02   0.50000000E+02   0.98600000E+06   0.15458980E+01   0.16758612E+00   0.19936319E+02   0.10130299E+02   0.28837000E+00   0.27608001E-01   0.22238845E+02   0.34524642E+01
  0.16982437E+02   0.50000000E+02   0.96300000E+06   0.14948740E+01   0.16545949E+00   0.22516985E+02   0.10060193E+02   0.28835019E+00   0.28772162E-01   0.22238148E+02   0.35946495E+01
  0.18197009E+02   0.50000000E+02   0.83300000E+06   0.14411766E+01   0.16347006E+00   0.25225738E+02   0.10015164E+02   0.28841641E+00   0.30037029E-01   0.22233893E+02   0.37530289E+01
  0.19498446E+02   0.50000000E+02   0.92900000E+06   0.13836333E+01   0.16102967E+00   0.28122937E+02   0.99276927E+01   0.28837995E+00   0.31460831E-01   0.22241026E+02   0.39280018E+01
  0.20892961E+02   0.50000000E+02   0.93400000E+06   0.13225734E+01   0.15836348E+00   0.31211230E+02   0.98462626E+01   0.28839707E+00   0.32965455E-01   0.22235296E+02   0.41138910E+01
  0.22387211E+02   0.50000000E+02   0.78200000E+06   0.12594253E+01   0.15574958E+00   0.34400675E+02   0.97494835E+01   0.28826624E+00   0.34669859E-01   0.22249050E+02   0.43187063E+01
  0.23988329E+02   0.50000000E+02   0.89500000E+06   0.11938661E+01   0.15237073E+00   0.37711632E+02   0.96262862E+01   0.28832512E+00   0.36460396E-01   0.22244687E+02   0.45424964E+01
  0.25703958E+02   0.50000000E+02   0.48600000E+06   0.11264894E+01   0.14896918E+00   0.41104731E+02   0.94833831E+01   0.28836659E+00   0.38442208E-01   0.22244815E+02   0.47913066E+01
  0.27542287E+02   0.50000000E+02   0.75300000E+06   0.10573504E+01   0.14568821E+00   0.44587452E+02   0.93664421E+01   0.28846877E+00   0.40583677E-01   0.22239187E+02   0.50494812E+01
  0.29512092E+02   0.50000000E+02   0.52000000E+06   0.98788393E+00   0.14191903E+00   0.48120551E+02   0.92121419E+01   0.28843775E+00   0.43037792E-01   0.22230846E+02   0.53475175E+01
  0.31622777E+02   0.50000000E+02   0.11550000E+07   0.91874565E+00   0.13834568E+00   0.51599614E+02   0.90764608E+01   0.28837314E+00   0.45494193E-01   0.22239170E+02   0.56561450E+01
  0.33884416E+02   0.50000000E+02   0.81000000E+06   0.85033249E+00   0.13460945E+00   0.55049023E+02   0.89252446E+01   0.28834929E+00   0.48215300E-01   0.22248520E+02   0.59891336E+01
  0.36307805E+02   0.50000000E+02   0.67000000E+06   0.78286235E+00   0.13071865E+00   0.58461309E+02   0.87663247E+01   0.28826273E+00   0.51236913E-01   0.22254037E+02   0.63668439E+01
  0.38904514E+02   0.50000000E+02   0.77600000E+06   0.71787641E+00   0.12686661E+00   0.61738241E+02   0.86122217E+01   0.28827967E+00   0.54493283E-01   0.22250747E+02   0.67649148E+01
  0.41686938E+02   0.50000000E+02   0.82200000E+06   0.65554585E+00   0.12298957E+00   0.64900196E+02   0.84413990E+01   0.28832010E+00   0.57923495E-01   0.22243077E+02   0.71933091E+01
  0.44668359E+02   0.50000000E+02   0.92700000E+06   0.59581838E+00   0.11914642E+00   0.67916353E+02   0.82773534E+01   0.28834365E+00   0.61760753E-01   0.22233365E+02   0.76731549E+01
  0.47863009E+02   0.50000000E+02   0.86800000E+06   0.53949200E+00   0.11483874E+00   0.70756338E+02   0.81004922E+01   0.28833346E+00   0.65767920E-01   0.22248953E+02   0.81651030E+01
  0.51286138E+02   0.50000000E+02   0.86800000E+06   0.48669033E+00   0.11088098E+00   0.73428508E+02   0.79333391E+01   0.28837201E+00   0.70129659E-01   0.22240918E+02   0.87030197E+01
  0.54954087E+02   0.50000000E+02   0.10600000E+07   0.43743622E+00   0.10660589E+00   0.75909421E+02   0.77427925E+01   0.28835074E+00   0.74774556E-01   0.22240404E+02   0.92820406E+01
  0.58884366E+02   0.50000000E+02   0.84600000E+06   0.39195457E+00   0.10238121E+00   0.78207890E+02   0.75760692E+01   0.28842171E+00   0.79808289E-01   0.22228837E+02   0.99011219E+01
  0.63095734E+02   0.50000000E+02   0.10030000E+07   0.34999114E+00   0.98115798E-01   0.80330589E+02   0.74064903E+01   0.28833820E+00   0.85276368E-01   0.22234490E+02   0.10578138E+02
  0.67608298E+02   0.50000000E+02   0.81000000E+06   0.31185272E+00   0.93898115E-01   0.82240075E+02   0.72321653E+01   0.28833976E+00   0.91186220E-01   0.22245344E+02   0.11303050E+02
  0.72443596E+02   0.50000000E+02   0.82600000E+06   0.27704805E+00   0.89514929E-01   0.84012590E+02   0.70665448E+01   0.28833100E+00   0.97510207E-01   0.22250922E+02   0.12085785E+02
  0.77624712E+02   0.50000000E+02   0.86100000E+06   0.24568139E+00   0.85264058E-01   0.85592543E+02   0.69054551E+01   0.28837022E+00   0.10407844E+00   0.22237467E+02   0.12905955E+02
  0.83176377E+02   0.50000000E+02   0.10590000E+07   0.21734836E+00   0.81068082E-01   0.87028106E+02   0.67515753E+01   0.28838836E+00   0.11133252E+00   0.22232484E+02   0.13804496E+02
  0.89125094E+02   0.50000000E+02   0.95100000E+06   0.19187336E+00   0.76905767E-01   0.88308566E+02   0.65969407E+01   0.28832255E+00   0.11919258E+00   0.22250500E+02   0.14781128E+02
  0.95499259E+02   0.50000000E+02   0.88300000E+06   0.16941669E+00   0.72848125E-01   0.89445268E+02   0.64511341E+01   0.28849975E+00   0.12731032E+00   0.22227125E+02   0.15781985E+02
  0.10232930E+03   0.50000000E+02   0.10300000E+07   0.14899787E+00   0.68865178E-01   0.90480064E+02   0.63143528E+01   0.28826338E+00   0.13627157E+00   0.22239475E+02   0.16878043E+02
  0.10964782E+03   0.50000000E+02   0.77100000E+06   0.13104968E+00   0.65060569E-01   0.91372482E+02   0.61932912E+01   0.28846559E+00   0.14598584E+00   0.22236533E+02   0.18095058E+02
  0.11748976E+03   0.50000000E+02   0.80400000E+06   0.11504266E+00   0.61377084E-01   0.92188206E+02   0.60870633E+01   0.28826111E+00   0.15627542E+00   0.22254052E+02   0.19371670E+02
  0.12589254E+03   0.50000000E+02   0.89400000E+06   0.10099206E+00   0.57742659E-01   0.92904942E+02   0.59808463E+01   0.28850856E+00   0.16725303E+00   0.22206740E+02   0.20730232E+02
  0.13489629E+03   0.50000000E+02   0.12480000E+07   0.88510170E-01   0.54362132E-01   0.93531663E+02   0.58714285E+01   0.28833357E+00   0.17894043E+00   0.22225394E+02   0.22213912E+02
  0.14454398E+03   0.50000000E+02   0.95000000E+06   0.77464307E-01   0.51153527E-01   0.94088540E+02   0.57761456E+01   0.28818836E+00   0.19190610E+00   0.22242194E+02   0.23792285E+02
  0.15488166E+03   0.50000000E+02   0.10110000E+07   0.67881326E-01   0.48050668E-01   0.94570343E+02   0.57114058E+01   0.28866920E+00   0.20568821E+00   0.22223913E+02   0.25493404E+02
  0.16595869E+03   0.50000000E+02   0.81400000E+06   0.59277020E-01   0.45128420E-01   0.94995264E+02   0.56331545E+01   0.28806543E+00   0.22028373E+00   0.22285823E+02   0.27278933E+02
  0.17782794E+03   0.50000000E+02   0.11350000E+07   0.51876917E-01   0.42267761E-01   0.95373661E+02   0.55670631E+01   0.28825919E+00   0.23564822E+00   0.22259586E+02   0.29188597E+02
  0.19054607E+03   0.50000000E+02   0.11620000E+07   0.45308266E-01   0.39637491E-01   0.95714357E+02   0.55105245E+01   0.28829267E+00   0.25269283E+00   0.22282448E+02   0.31284259E+02
  0.20417379E+03   0.50000000E+02   0.95100000E+06   0.39620920E-01   0.37091270E-01   0.95996063E+02   0.54522415E+01   0.28864387E+00   0.27039358E+00   0.22233507E+02   0.33526366E+02
  0.21877616E+03   0.50000000E+02   0.11540000E+07   0.34552070E-01   0.34761651E-01   0.96258678E+02   0.54016920E+01   0.28820301E+00   0.28976234E+00   0.22253124E+02   0.35904301E+02
  0.23442288E+03   0.50000000E+02   0.11650000E+07   0.30203425E-01   0.32517913E-01   0.96476473E+02   0.53636852E+01   0.28857442E+00   0.31026602E+00   0.22235805E+02   0.38445206E+02
  0.25118864E+03   0.50000000E+02   0.12010000E+07   0.26392408E-01   0.30399653E-01   0.96663419E+02   0.53306584E+01   0.28892896E+00   0.33218353E+00   0.22194860E+02   0.41188308E+02
  0.26915348E+03   0.50000000E+02   0.13590000E+07   0.23017806E-01   0.28448940E-01   0.96843682E+02   0.52915919E+01   0.28879932E+00   0.35584816E+00   0.22189485E+02   0.44096245E+02
  0.28840315E+03   0.50000000E+02   0.13620000E+07   0.20052642E-01   0.26582807E-01   0.96990236E+02   0.52641935E+01   0.28859210E+00   0.38115113E+00   0.22207399E+02   0.47302040E+02
  0.30902954E+03   0.50000000E+02   0.12390000E+07   0.17523961E-01   0.24876751E-01   0.97118078E+02   0.52385123E+01   0.28912014E+00   0.40862330E+00   0.22203322E+02   0.50679298E+02
  0.33113112E+03   0.50000000E+02   0.17330000E+07   0.15233398E-01   0.23244882E-01   0.97231593E+02   0.52209731E+01   0.28833137E+00   0.43777371E+00   0.22229899E+02   0.54299846E+02
  0.35481339E+03   0.50000000E+02   0.12920000E+07   0.13264650E-01   0.21723159E-01   0.97332652E+02   0.51937810E+01   0.28788219E+00   0.46906470E+00   0.22291501E+02   0.58172204E+02
  0.38018940E+03   0.50000000E+02   0.16940000E+07   0.11603443E-01   0.20298780E-01   0.97418019E+02   0.51792955E+01   0.28895075E+00   0.50276156E+00   0.22224389E+02   0.62244744E+02
  0.40738028E+03   0.50000000E+02   0.12270000E+07   0.10088579E-01   0.18981505E-01   0.97488687E+02   0.51631983E+01   0.28823778E+00   0.53907610E+00   0.22222571E+02   0.66721892E+02
  0.43651583E+03   0.50000000E+02   0.10800000E+07   0.87768282E-02   0.17716584E-01   0.97561691E+02   0.51513205E+01   0.28762706E+00   0.57725689E+00   0.22316522E+02   0.71460784E+02
  0.46773514E+03   0.50000000E+02   0.16690000E+07   0.76732324E-02   0.16539750E-01   0.97608176E+02   0.51390542E+01   0.28852539E+00   0.61799798E+00   0.22280127E+02   0.76622434E+02
  0.50118723E+03   0.50000000E+02   0.15930000E+07   0.66671111E-02   0.15452074E-01   0.97663071E+02   0.51265661E+01   0.28784288E+00   0.66205331E+00   0.22329109E+02   0.82075419E+02
  0.53703180E+03   0.50000000E+02   0.14750000E+07   0.58285103E-02   0.14434873E-01   0.97711637E+02   0.51189670E+01   0.28873166E+00   0.71010972E+00   0.22194043E+02   0.87989602E+02
  0.57543994E+03   0.50000000E+02   0.21500000E+07   0.50737167E-02   0.13464779E-01   0.97745308E+02   0.51126198E+01   0.28853617E+00   0.76013388E+00   0.22167940E+02   0.94192968E+02
  0.61659500E+03   0.50000000E+02   0.19110000E+07   0.44037979E-02   0.12581436E-01   0.97775123E+02   0.51073821E+01   0.28732326E+00   0.81502043E+00   0.22274549E+02   0.10100895E+03
  0.66069345E+03   0.50000000E+02   0.12570000E+07   0.38526514E-02   0.11739708E-01   0.97805995E+02   0.51000961E+01   0.28854349E+00   0.87292023E+00   0.22137439E+02   0.10817715E+03
  0.70794578E+03   0.50000000E+02   0.12220000E+07   0.33560415E-02   0.10962428E-01   0.97830400E+02   0.50940128E+01   0.28867646E+00   0.93554049E+00   0.22161072E+02   0.11589022E+03
  0.75857758E+03   0.50000000E+02   0.21310000E+07   0.29243573E-02   0.10231210E-01   0.97850050E+02   0.50935943E+01   0.28875740E+00   0.10022460E+01   0.22242507E+02   0.12424285E+03
  0.81283052E+03   0.50000000E+02   0.22040000E+07   0.25465460E-02   0.95534072E-02   0.97868282E+02   0.50864388E+01   0.28841835E+00   0.10744060E+01   0.22238040E+02   0.13310122E+03
  0.87096359E+03   0.50000000E+02   0.20880000E+07   0.22115219E-02   0.89125404E-02   0.97891504E+02   0.50817761E+01   0.28756642E+00   0.11502316E+01   0.22273533E+02   0.14265097E+03
  0.93325430E+03   0.50000000E+02   0.21840000E+07   0.19352421E-02   0.83215853E-02   0.97905154E+02   0.50842323E+01   0.28929188E+00   0.12330132E+01   0.22130268E+02   0.15278888E+03
  0.10000000E+04   0.50000000E+02   0.18160000E+07   0.16767804E-02   0.77620043E-02   0.97919456E+02   0.50792008E+01   0.28738888E+00   0.13201548E+01   0.22420725E+02   0.16370940E+03
