  0.20000000E+02   0.10000000E+01   0.68800000E+06   0.13618202E+01   0.71403674E-01   0.29234093E+02   0.45230321E+01   0.49984280E+00   0.34664824E-01   0.15110119E+01   0.39419264E+01
  0.20000000E+02   0.10715193E+01   0.11030000E+07   0.13618252E+01   0.71460145E-01   0.29228241E+02   0.45292847E+01   0.49981901E+00   0.34620490E-01   0.15172336E+01   0.39410161E+01
  0.20000000E+02   0.11481536E+01   0.10480000E+07   0.13617605E+01   0.71384198E-01   0.29232076E+02   0.45211971E+01   0.49979351E+00   0.34702210E-01   0.15195945E+01   0.39446946E+01
  0.20000000E+02   0.12302688E+01   0.10770000E+07   0.13615855E+01   0.71423445E-01   0.29241882E+02   0.45215315E+01   0.49980668E+00   0.34639491E-01   0.15175565E+01   0.39401795E+01
  0.20000000E+02   0.13182567E+01   0.12170000E+07   0.13618764E+01   0.71381487E-01   0.29225862E+02   0.45235643E+01   0.49970203E+00   0.34650970E-01   0.15286118E+01   0.39424936E+01
  0.20000000E+02   0.14125375E+01   0.96400000E+06   0.13617306E+01   0.71412172E-01   0.29236958E+02   0.45222909E+01   0.49976911E+00   0.34652956E-01   0.15194397E+01   0.39407902E+01
  0.20000000E+02   0.15135612E+01   0.10310000E+07   0.13617082E+01   0.71405248E-01   0.29235519E+02   0.45267662E+01   0.49963330E+00   0.34645486E-01   0.15343851E+01   0.39455299E+01
  0.20000000E+02   0.16218101E+01   0.10950000E+07   0.13615996E+01   0.71408784E-01   0.29238836E+02   0.45241422E+01   0.49968135E+00   0.34643681E-01   0.15314887E+01   0.39420505E+01
  0.20000000E+02   0.17378008E+01   0.12750000E+07   0.13617734E+01   0.71539269E-01   0.29227161E+02   0.45305816E+01   0.49953018E+00   0.34668680E-01   0.15483446E+01   0.39439450E+01
  0.20000000E+02   0.18620871E+01   0.10470000E+07   0.13617121E+01   0.71443170E-01   0.29231672E+02   0.45261490E+01   0.49948215E+00   0.34626637E-01   0.15521197E+01   0.39394639E+01
  0.20000000E+02   0.19952623E+01   0.13020000E+07   0.13617051E+01   0.71602456E-01   0.29230538E+02   0.45327667E+01   0.49936539E+00   0.34691878E-01   0.15647562E+01   0.39463398E+01
  0.20000000E+02   0.21379621E+01   0.10870000E+07   0.13618053E+01   0.71594724E-01   0.29233678E+02   0.45326534E+01   0.49930180E+00   0.34651501E-01   0.15648442E+01   0.39434523E+01
  0.20000000E+02   0.22908677E+01   0.94400000E+06   0.13617633E+01   0.71696169E-01   0.29231107E+02   0.45349815E+01   0.49923901E+00   0.34708402E-01   0.15747108E+01   0.39453638E+01
  0.20000000E+02   0.24547089E+01   0.12250000E+07   0.13617814E+01   0.71741040E-01   0.29232630E+02   0.45402437E+01   0.49908838E+00   0.34673500E-01   0.15874756E+01   0.39443403E+01
  0.20000000E+02   0.26302680E+01   0.11430000E+07   0.13616911E+01   0.71669819E-01   0.29235586E+02   0.45386721E+01   0.49899914E+00   0.34638240E-01   0.15974961E+01   0.39412336E+01
  0.20000000E+02   0.28183829E+01   0.12890000E+07   0.13616994E+01   0.71762396E-01   0.29234412E+02   0.45439741E+01   0.49881972E+00   0.34703163E-01   0.16155547E+01   0.39484081E+01
  0.20000000E+02   0.30199517E+01   0.95200000E+06   0.13618468E+01   0.71914648E-01   0.29227114E+02   0.45525325E+01   0.49860403E+00   0.34668349E-01   0.16365557E+01   0.39448329E+01
  0.20000000E+02   0.32359366E+01   0.10540000E+07   0.13617520E+01   0.71965842E-01   0.29236114E+02   0.45548810E+01   0.49846838E+00   0.34700074E-01   0.16467834E+01   0.39479057E+01
  0.20000000E+02   0.34673685E+01   0.11170000E+07   0.13618538E+01   0.72056873E-01   0.29225217E+02   0.45627684E+01   0.49824861E+00   0.34717284E-01   0.16725608E+01   0.39528315E+01
  0.20000000E+02   0.37153523E+01   0.73300000E+06   0.13616753E+01   0.72115982E-01   0.29237597E+02   0.45663018E+01   0.49803594E+00   0.34750435E-01   0.16908757E+01   0.39551799E+01
  0.20000000E+02   0.39810717E+01   0.12610000E+07   0.13617124E+01   0.72288307E-01   0.29236821E+02   0.45745028E+01   0.49769583E+00   0.34737360E-01   0.17232926E+01   0.39559940E+01
  0.20000000E+02   0.42657952E+01   0.10800000E+07   0.13617340E+01   0.72319273E-01   0.29227937E+02   0.45791569E+01   0.49737944E+00   0.34750470E-01   0.17600130E+01   0.39542924E+01
  0.20000000E+02   0.45708819E+01   0.11320000E+07   0.13617505E+01   0.72514837E-01   0.29229254E+02   0.45873252E+01   0.49699786E+00   0.34731867E-01   0.17958275E+01   0.39526837E+01
  0.20000000E+02   0.48977882E+01   0.10930000E+07   0.13617029E+01   0.72641532E-01   0.29231508E+02   0.46004915E+01   0.49658441E+00   0.34761351E-01   0.18365343E+01   0.39609024E+01
  0.20000000E+02   0.52480746E+01   0.56800000E+06   0.13615724E+01   0.72887645E-01   0.29240996E+02   0.46084824E+01   0.49603766E+00   0.34769048E-01   0.18878755E+01   0.39600414E+01
  0.20000000E+02   0.56234133E+01   0.81600000E+06   0.13617109E+01   0.73145783E-01   0.29234880E+02   0.46240039E+01   0.49544160E+00   0.34804457E-01   0.19457377E+01   0.39660073E+01
  0.20000000E+02   0.60255959E+01   0.91700000E+06   0.13617893E+01   0.73337579E-01   0.29230424E+02   0.46437055E+01   0.49474972E+00   0.34818689E-01   0.20139197E+01   0.39638869E+01
  0.20000000E+02   0.64565423E+01   0.83500000E+06   0.13618054E+01   0.73819858E-01   0.29232003E+02   0.46618434E+01   0.49395406E+00   0.34883774E-01   0.20905533E+01   0.39732537E+01
  0.20000000E+02   0.69183097E+01   0.71600000E+06   0.13617418E+01   0.74020821E-01   0.29229328E+02   0.46720909E+01   0.49311494E+00   0.34858625E-01   0.21772500E+01   0.39690445E+01
  0.20000000E+02   0.74131024E+01   0.13900000E+07   0.13617323E+01   0.74355438E-01   0.29230897E+02   0.47036803E+01   0.49218436E+00   0.34897405E-01   0.22666431E+01   0.39803034E+01
  0.20000000E+02   0.79432823E+01   0.10090000E+07   0.13617179E+01   0.74870667E-01   0.29230699E+02   0.47276036E+01   0.49098028E+00   0.34951272E-01   0.23855252E+01   0.39853442E+01
  0.20000000E+02   0.85113804E+01   0.11700000E+07   0.13618238E+01   0.75363219E-01   0.29228674E+02   0.47609961E+01   0.48967798E+00   0.35004783E-01   0.25112051E+01   0.39902565E+01
  0.20000000E+02   0.91201084E+01   0.88900000E+06   0.13617978E+01   0.76067798E-01   0.29229862E+02   0.47986513E+01   0.48821532E+00   0.35081351E-01   0.26546168E+01   0.40004662E+01
  0.20000000E+02   0.97723722E+01   0.11920000E+07   0.13615664E+01   0.76622603E-01   0.29244449E+02   0.48349904E+01   0.48645733E+00   0.35092421E-01   0.28248159E+01   0.40076320E+01
  0.20000000E+02   0.10471285E+02   0.76200000E+06   0.13615589E+01   0.77458627E-01   0.29240743E+02   0.48838730E+01   0.48461138E+00   0.35199916E-01   0.30088438E+01   0.40168461E+01
  0.20000000E+02   0.11220185E+02   0.66600000E+06   0.13617073E+01   0.78169797E-01   0.29230660E+02   0.49326818E+01   0.48233494E+00   0.35263794E-01   0.32336180E+01   0.40334932E+01
  0.20000000E+02   0.12022644E+02   0.80100000E+06   0.13616291E+01   0.79207633E-01   0.29239530E+02   0.49929907E+01   0.47981279E+00   0.35269395E-01   0.34766322E+01   0.40385761E+01
  0.20000000E+02   0.12882496E+02   0.94200000E+06   0.13614717E+01   0.80437518E-01   0.29246291E+02   0.50641837E+01   0.47693502E+00   0.35344665E-01   0.37599109E+01   0.40442268E+01
  0.20000000E+02   0.13803843E+02   0.11310000E+07   0.13617854E+01   0.81607158E-01   0.29228213E+02   0.51344907E+01   0.47368214E+00   0.35414463E-01   0.40802420E+01   0.40584700E+01
  0.20000000E+02   0.14791084E+02   0.96100000E+06   0.13618030E+01   0.82886156E-01   0.29221582E+02   0.52087392E+01   0.47009305E+00   0.35444820E-01   0.44359929E+01   0.40685313E+01
  0.20000000E+02   0.15848932E+02   0.12060000E+07   0.13617283E+01   0.84551265E-01   0.29233743E+02   0.53055111E+01   0.46592649E+00   0.35550791E-01   0.48381130E+01   0.40822116E+01
  0.20000000E+02   0.16982437E+02   0.11900000E+07   0.13617662E+01   0.86412370E-01   0.29227127E+02   0.54182187E+01   0.46121490E+00   0.35590945E-01   0.53033175E+01   0.40958498E+01
  0.20000000E+02   0.18197009E+02   0.59900000E+06   0.13616848E+01   0.88444516E-01   0.29228112E+02   0.55398628E+01   0.45595714E+00   0.35679261E-01   0.58211878E+01   0.41094377E+01
  0.20000000E+02   0.19498446E+02   0.47600000E+06   0.13616293E+01   0.90542480E-01   0.29239875E+02   0.56707490E+01   0.45004874E+00   0.35634308E-01   0.63939651E+01   0.41207389E+01
  0.20000000E+02   0.20892961E+02   0.84900000E+06   0.13618340E+01   0.93289842E-01   0.29223994E+02   0.58307355E+01   0.44345703E+00   0.35707176E-01   0.70430664E+01   0.41345414E+01
  0.20000000E+02   0.22387211E+02   0.91100000E+06   0.13617368E+01   0.95903022E-01   0.29235589E+02   0.59973066E+01   0.43622095E+00   0.35654450E-01   0.77483353E+01   0.41465651E+01
  0.20000000E+02   0.23988329E+02   0.68500000E+06   0.13617695E+01   0.99156759E-01   0.29234606E+02   0.61851314E+01   0.42806103E+00   0.35729293E-01   0.85460957E+01   0.41619631E+01
  0.20000000E+02   0.25703958E+02   0.93900000E+06   0.13617755E+01   0.10253973E+00   0.29228096E+02   0.63915612E+01   0.41914016E+00   0.35571259E-01   0.94270968E+01   0.41606756E+01
  0.20000000E+02   0.27542287E+02   0.99100000E+06   0.13618196E+01   0.10633353E+00   0.29230232E+02   0.66230781E+01   0.40931993E+00   0.35434028E-01   0.10385785E+02   0.41652033E+01
  0.20000000E+02   0.29512092E+02   0.62600000E+06   0.13618119E+01   0.11067775E+00   0.29230550E+02   0.68891370E+01   0.39850440E+00   0.35265436E-01   0.11445465E+02   0.41659929E+01
  0.20000000E+02   0.31622777E+02   0.67200000E+06   0.13616285E+01   0.11539144E+00   0.29245210E+02   0.71701752E+01   0.38687959E+00   0.35005548E-01   0.12582018E+02   0.41565486E+01
  0.20000000E+02   0.33884416E+02   0.69700000E+06   0.13618691E+01   0.12061389E+00   0.29219893E+02   0.74915507E+01   0.37427238E+00   0.34741901E-01   0.13822973E+02   0.41498169E+01
  0.20000000E+02   0.36307805E+02   0.96300000E+06   0.13615416E+01   0.12614809E+00   0.29242417E+02   0.78326569E+01   0.36078879E+00   0.34352597E-01   0.15141493E+02   0.41300962E+01
  0.20000000E+02   0.38904514E+02   0.97900000E+06   0.13617679E+01   0.13244280E+00   0.29228193E+02   0.82031277E+01   0.34644817E+00   0.34014946E-01   0.16549398E+02   0.41173222E+01
  0.20000000E+02   0.41686938E+02   0.82100000E+06   0.13618935E+01   0.13911552E+00   0.29221888E+02   0.86208619E+01   0.33125658E+00   0.33512430E-01   0.18039297E+02   0.40877655E+01
  0.20000000E+02   0.44668359E+02   0.54700000E+06   0.13619326E+01   0.14656469E+00   0.29231991E+02   0.90694333E+01   0.31545172E+00   0.32935903E-01   0.19579371E+02   0.40494157E+01
  0.20000000E+02   0.47863009E+02   0.96500000E+06   0.13617138E+01   0.15450696E+00   0.29238234E+02   0.95564772E+01   0.29904077E+00   0.32336400E-01   0.21192458E+02   0.40128774E+01
  0.20000000E+02   0.51286138E+02   0.88700000E+06   0.13616806E+01   0.16342562E+00   0.29230831E+02   0.10101926E+02   0.28208805E+00   0.31780376E-01   0.22857502E+02   0.39813871E+01
  0.20000000E+02   0.54954087E+02   0.70900000E+06   0.13620834E+01   0.17330178E+00   0.29214433E+02   0.10689870E+02   0.26490726E+00   0.31062694E-01   0.24538625E+02   0.39243634E+01
  0.20000000E+02   0.58884366E+02   0.94700000E+06   0.13618585E+01   0.18363741E+00   0.29235413E+02   0.11321342E+02   0.24752853E+00   0.30408068E-01   0.26240227E+02   0.38764874E+01
  0.20000000E+02   0.63095734E+02   0.96700000E+06   0.13618389E+01   0.19449187E+00   0.29217922E+02   0.12003167E+02   0.23026805E+00   0.29742204E-01   0.27935694E+02   0.38230654E+01
  0.20000000E+02   0.67608298E+02   0.87400000E+06   0.13615802E+01   0.20661908E+00   0.29238417E+02   0.12738842E+02   0.21313134E+00   0.29062448E-01   0.29613494E+02   0.37721241E+01
  0.20000000E+02   0.72443596E+02   0.96000000E+06   0.13617403E+01   0.21981858E+00   0.29244241E+02   0.13552534E+02   0.19635210E+00   0.28353103E-01   0.31253531E+02   0.37136639E+01
  0.20000000E+02   0.77624712E+02   0.67800000E+06   0.13614189E+01   0.23356606E+00   0.29244544E+02   0.14379848E+02   0.18007470E+00   0.27575146E-01   0.32852492E+02   0.36466279E+01
  0.20000000E+02   0.83176377E+02   0.10520000E+07   0.13616432E+01   0.24942944E+00   0.29240849E+02   0.15337111E+02   0.16436337E+00   0.26896919E-01   0.34388754E+02   0.35886022E+01
  0.20000000E+02   0.89125094E+02   0.73000000E+06   0.13611372E+01   0.26510070E+00   0.29267611E+02   0.16315912E+02   0.14942753E+00   0.26154073E-01   0.35854279E+02   0.35222535E+01
  0.20000000E+02   0.95499259E+02   0.80200000E+06   0.13614413E+01   0.28307995E+00   0.29231891E+02   0.17400381E+02   0.13534123E+00   0.25365793E-01   0.37241968E+02   0.34488759E+01
  0.20000000E+02   0.10232930E+03   0.80000000E+06   0.13614819E+01   0.30240770E+00   0.29220596E+02   0.18605878E+02   0.12206089E+00   0.24557561E-01   0.38541913E+02   0.33751503E+01
  0.20000000E+02   0.10964782E+03   0.10950000E+07   0.13618397E+01   0.32293288E+00   0.29213662E+02   0.19858883E+02   0.10973987E+00   0.23724539E-01   0.39747522E+02   0.33037352E+01
  0.20000000E+02   0.11748976E+03   0.10360000E+07   0.13616791E+01   0.34468475E+00   0.29243472E+02   0.21192909E+02   0.98332022E-01   0.22862059E-01   0.40865546E+02   0.32271604E+01
  0.20000000E+02   0.12589254E+03   0.10950000E+07   0.13616436E+01   0.36782612E+00   0.29224970E+02   0.22613271E+02   0.87861473E-01   0.21976015E-01   0.41892602E+02   0.31523451E+01
  0.20000000E+02   0.13489629E+03   0.85000000E+06   0.13617879E+01   0.39362785E+00   0.29241418E+02   0.24192576E+02   0.78267191E-01   0.21092719E-01   0.42828353E+02   0.30765125E+01
  0.20000000E+02   0.14454398E+03   0.67600000E+06   0.13621223E+01   0.42081648E+00   0.29233717E+02   0.25862115E+02   0.69574730E-01   0.20180415E-01   0.43681248E+02   0.29991271E+01
  0.20000000E+02   0.15488166E+03   0.77100000E+06   0.13615969E+01   0.44952287E+00   0.29228728E+02   0.27628671E+02   0.61664054E-01   0.19258260E-01   0.44459249E+02   0.29262126E+01
  0.20000000E+02   0.16595869E+03   0.86600000E+06   0.13623116E+01   0.48144310E+00   0.29194770E+02   0.29574175E+02   0.54584937E-01   0.18362945E-01   0.45150724E+02   0.28558216E+01
  0.20000000E+02   0.17782794E+03   0.77800000E+06   0.13608212E+01   0.51416180E+00   0.29286165E+02   0.31604380E+02   0.48166081E-01   0.17430835E-01   0.45779654E+02   0.27848825E+01
  0.20000000E+02   0.19054607E+03   0.90600000E+06   0.13618969E+01   0.55070168E+00   0.29240246E+02   0.33849478E+02   0.42510374E-01   0.16562534E-01   0.46332787E+02   0.27182772E+01
  0.20000000E+02   0.20417379E+03   0.38000000E+06   0.13630116E+01   0.59037778E+00   0.29172971E+02   0.36204899E+02   0.37444868E-01   0.15705842E-01   0.46827027E+02   0.26586185E+01
  0.20000000E+02   0.21877616E+03   0.95700000E+06   0.13623730E+01   0.63106380E+00   0.29219764E+02   0.38757723E+02   0.32914929E-01   0.14835660E-01   0.47273287E+02   0.25987124E+01
  0.20000000E+02   0.23442288E+03   0.93300000E+06   0.13622345E+01   0.67648949E+00   0.29215562E+02   0.41539223E+02   0.28911579E-01   0.14030972E-01   0.47669233E+02   0.25414018E+01
  0.20000000E+02   0.25118864E+03   0.10290000E+07   0.13624956E+01   0.72396534E+00   0.29187666E+02   0.44431242E+02   0.25363363E-01   0.13211526E-01   0.48013734E+02   0.24913670E+01
  0.20000000E+02   0.26915348E+03   0.12890000E+07   0.13618949E+01   0.77582728E+00   0.29251359E+02   0.47664803E+02   0.22223704E-01   0.12455950E-01   0.48320944E+02   0.24411503E+01
  0.20000000E+02   0.28840315E+03   0.89600000E+06   0.13621489E+01   0.83060897E+00   0.29192983E+02   0.50970551E+02   0.19476573E-01   0.11728945E-01   0.48592992E+02   0.23978440E+01
  0.20000000E+02   0.30902954E+03   0.10360000E+07   0.13617742E+01   0.88861735E+00   0.29271775E+02   0.54596427E+02   0.17031842E-01   0.10997755E-01   0.48828989E+02   0.23541476E+01
  0.20000000E+02   0.33113112E+03   0.13570000E+07   0.13608729E+01   0.95158157E+00   0.29286716E+02   0.58444412E+02   0.14895876E-01   0.10333148E-01   0.49043418E+02   0.23197978E+01
  0.20000000E+02   0.35481339E+03   0.11760000E+07   0.13621257E+01   0.10195174E+01   0.29220095E+02   0.62632662E+02   0.13031325E-01   0.96980687E-02   0.49222254E+02   0.22868082E+01
  0.20000000E+02   0.38018940E+03   0.11680000E+07   0.13619750E+01   0.10919258E+01   0.29271848E+02   0.67021079E+02   0.11386687E-01   0.90923569E-02   0.49384523E+02   0.22575471E+01
  0.20000000E+02   0.40738028E+03   0.80100000E+06   0.13625364E+01   0.11707812E+01   0.29090127E+02   0.71877009E+02   0.99507112E-02   0.85291155E-02   0.49526459E+02   0.22334141E+01
  0.20000000E+02   0.43651583E+03   0.16140000E+07   0.13614086E+01   0.12538196E+01   0.29221246E+02   0.76954943E+02   0.86809132E-02   0.79884741E-02   0.49652241E+02   0.22079072E+01
  0.20000000E+02   0.46773514E+03   0.89200000E+06   0.13619243E+01   0.13422332E+01   0.29273030E+02   0.82379116E+02   0.75803369E-02   0.74763377E-02   0.49752328E+02   0.21865156E+01
  0.20000000E+02   0.50118723E+03   0.13850000E+07   0.13612113E+01   0.14382150E+01   0.29270863E+02   0.88313838E+02   0.66117633E-02   0.69988658E-02   0.49853096E+02   0.21683979E+01
  0.20000000E+02   0.53703180E+03   0.11710000E+07   0.13601476E+01   0.15406213E+01   0.29327275E+02   0.94615951E+02   0.57625746E-02   0.65441038E-02   0.49933528E+02   0.21495158E+01
  0.20000000E+02   0.57543994E+03   0.12130000E+07   0.13625064E+01   0.16513439E+01   0.29250040E+02   0.10140848E+03   0.50355754E-02   0.61223035E-02   0.50001879E+02   0.21360015E+01
  0.20000000E+02   0.61659500E+03   0.14420000E+07   0.13619152E+01   0.17701948E+01   0.29169913E+02   0.10865753E+03   0.43901271E-02   0.57275567E-02   0.50069436E+02   0.21241925E+01
  0.20000000E+02   0.66069345E+03   0.16230000E+07   0.13608334E+01   0.18973414E+01   0.29288367E+02   0.11643681E+03   0.38249799E-02   0.53584926E-02   0.50123049E+02   0.21114429E+01
  0.20000000E+02   0.70794578E+03   0.13500000E+07   0.13630472E+01   0.20324201E+01   0.29146367E+02   0.12481658E+03   0.33396502E-02   0.50049219E-02   0.50172002E+02   0.21014859E+01
  0.20000000E+02   0.75857758E+03   0.17360000E+07   0.13608622E+01   0.21740789E+01   0.29235340E+02   0.13352415E+03   0.29071677E-02   0.46713778E-02   0.50215798E+02   0.20937593E+01
  0.20000000E+02   0.81283052E+03   0.13160000E+07   0.13638308E+01   0.23311985E+01   0.29012389E+02   0.14325057E+03   0.25389984E-02   0.43664152E-02   0.50252185E+02   0.20865772E+01
  0.20000000E+02   0.87096359E+03   0.13520000E+07   0.13602265E+01   0.24964489E+01   0.29390768E+02   0.15341553E+03   0.22068540E-02   0.40762443E-02   0.50284232E+02   0.20786305E+01
  0.20000000E+02   0.93325430E+03   0.12980000E+07   0.13583481E+01   0.26769853E+01   0.29393707E+02   0.16442070E+03   0.19206326E-02   0.38113799E-02   0.50310455E+02   0.20732917E+01
  0.20000000E+02   0.10000000E+04   0.16070000E+07   0.13621522E+01   0.28682466E+01   0.29311015E+02   0.17611636E+03   0.16789147E-02   0.35599380E-02   0.50334223E+02   0.20691249E+01
