  0.10000000E+01   0.10000000E+02   0.41100000E+06   0.19977210E+01   0.35342501E-01  -0.28824831E+01   0.20561116E+01   0.48584137E+00   0.83719690E-02   0.28863538E+01   0.95892339E+00
  0.10715193E+01   0.10000000E+02   0.32000000E+06   0.19973043E+01   0.35361839E-01  -0.28618018E+01   0.20602137E+01   0.48585401E+00   0.83838285E-02   0.28852887E+01   0.96150424E+00
  0.11481536E+01   0.10000000E+02   0.56800000E+06   0.19969269E+01   0.35483112E-01  -0.28436884E+01   0.20660492E+01   0.48585647E+00   0.84076212E-02   0.28855086E+01   0.96400774E+00
  0.12302688E+01   0.10000000E+02   0.38400000E+06   0.19964526E+01   0.35645120E-01  -0.28200622E+01   0.20734531E+01   0.48585994E+00   0.84445795E-02   0.28853460E+01   0.96703673E+00
  0.13182567E+01   0.10000000E+02   0.67400000E+06   0.19960129E+01   0.35818073E-01  -0.27988245E+01   0.20825909E+01   0.48583558E+00   0.84949912E-02   0.28881969E+01   0.97253529E+00
  0.14125375E+01   0.10000000E+02   0.69700000E+06   0.19953793E+01   0.35920922E-01  -0.27657996E+01   0.20914202E+01   0.48584840E+00   0.85263638E-02   0.28864378E+01   0.97721291E+00
  0.15135612E+01   0.10000000E+02   0.34100000E+06   0.19947251E+01   0.36031842E-01  -0.27366070E+01   0.20976877E+01   0.48583557E+00   0.85644993E-02   0.28895596E+01   0.98124630E+00
  0.16218101E+01   0.10000000E+02   0.63600000E+06   0.19938845E+01   0.36344411E-01  -0.26892146E+01   0.21149941E+01   0.48584972E+00   0.86418087E-02   0.28857965E+01   0.98954362E+00
  0.17378008E+01   0.10000000E+02   0.63200000E+06   0.19929421E+01   0.36626631E-01  -0.26439761E+01   0.21323276E+01   0.48586358E+00   0.87146220E-02   0.28855603E+01   0.99850316E+00
  0.18620871E+01   0.10000000E+02   0.32200000E+06   0.19919808E+01   0.36895253E-01  -0.25939325E+01   0.21462334E+01   0.48584273E+00   0.87858664E-02   0.28868519E+01   0.10062504E+01
  0.19952623E+01   0.10000000E+02   0.59100000E+06   0.19907530E+01   0.37152377E-01  -0.25314173E+01   0.21614187E+01   0.48585989E+00   0.88641442E-02   0.28849443E+01   0.10143731E+01
  0.21379621E+01   0.10000000E+02   0.52300000E+06   0.19894254E+01   0.37614004E-01  -0.24654271E+01   0.21886643E+01   0.48584755E+00   0.89831508E-02   0.28866513E+01   0.10281369E+01
  0.22908677E+01   0.10000000E+02   0.71600000E+06   0.19878199E+01   0.37955880E-01  -0.23856151E+01   0.22104666E+01   0.48585974E+00   0.90790174E-02   0.28860818E+01   0.10398399E+01
  0.24547089E+01   0.10000000E+02   0.61800000E+06   0.19860801E+01   0.38281225E-01  -0.22980224E+01   0.22294136E+01   0.48585193E+00   0.91718126E-02   0.28869881E+01   0.10503109E+01
  0.26302680E+01   0.10000000E+02   0.64900000E+06   0.19839546E+01   0.38956661E-01  -0.21895358E+01   0.22679658E+01   0.48586690E+00   0.93514645E-02   0.28849621E+01   0.10703380E+01
  0.28183829E+01   0.10000000E+02   0.57400000E+06   0.19816282E+01   0.39537511E-01  -0.20727126E+01   0.23014881E+01   0.48586196E+00   0.95137821E-02   0.28857682E+01   0.10881534E+01
  0.30199517E+01   0.10000000E+02   0.62500000E+06   0.19790486E+01   0.40106319E-01  -0.19434734E+01   0.23356292E+01   0.48583407E+00   0.96740727E-02   0.28890221E+01   0.11070191E+01
  0.32359366E+01   0.10000000E+02   0.50800000E+06   0.19759534E+01   0.40846140E-01  -0.17864810E+01   0.23830643E+01   0.48584185E+00   0.98872652E-02   0.28879010E+01   0.11328629E+01
  0.34673685E+01   0.10000000E+02   0.56500000E+06   0.19724593E+01   0.41563979E-01  -0.16120404E+01   0.24229911E+01   0.48583761E+00   0.10090777E-01   0.28893128E+01   0.11549159E+01
  0.37153523E+01   0.10000000E+02   0.49000000E+06   0.19683596E+01   0.42497970E-01  -0.13999441E+01   0.24808611E+01   0.48584807E+00   0.10362603E-01   0.28857883E+01   0.11871427E+01
  0.39810717E+01   0.10000000E+02   0.33700000E+06   0.19638191E+01   0.43415156E-01  -0.11755127E+01   0.25330449E+01   0.48583692E+00   0.10638646E-01   0.28893214E+01   0.12172464E+01
  0.42657952E+01   0.10000000E+02   0.42200000E+06   0.19584113E+01   0.44532171E-01  -0.90066658E+00   0.25974047E+01   0.48587289E+00   0.10966288E-01   0.28849340E+01   0.12534008E+01
  0.45708819E+01   0.10000000E+02   0.55800000E+06   0.19525575E+01   0.45669274E-01  -0.60261926E+00   0.26664287E+01   0.48583430E+00   0.11307623E-01   0.28875092E+01   0.12927267E+01
  0.48977882E+01   0.10000000E+02   0.65800000E+06   0.19456497E+01   0.46900880E-01  -0.25335371E+00   0.27424263E+01   0.48585033E+00   0.11697155E-01   0.28856655E+01   0.13384666E+01
  0.52480746E+01   0.10000000E+02   0.13630000E+07   0.19378039E+01   0.48320786E-01   0.14204183E+00   0.28241014E+01   0.48586034E+00   0.12149201E-01   0.28851502E+01   0.13879606E+01
  0.56234133E+01   0.10000000E+02   0.73000000E+06   0.19290753E+01   0.49743828E-01   0.58203556E+00   0.29145477E+01   0.48581779E+00   0.12617700E-01   0.28896606E+01   0.14435901E+01
  0.60255959E+01   0.10000000E+02   0.10300000E+07   0.19188104E+01   0.51238048E-01   0.11022653E+01   0.30047072E+01   0.48585869E+00   0.13131002E-01   0.28847595E+01   0.15013250E+01
  0.64565423E+01   0.10000000E+02   0.11120000E+07   0.19074049E+01   0.52977387E-01   0.16765966E+01   0.31106260E+01   0.48582961E+00   0.13736514E-01   0.28884365E+01   0.15701005E+01
  0.69183097E+01   0.10000000E+02   0.76600000E+06   0.18943414E+01   0.54747538E-01   0.23364532E+01   0.32166760E+01   0.48584551E+00   0.14378349E-01   0.28867929E+01   0.16424324E+01
  0.74131024E+01   0.10000000E+02   0.82700000E+06   0.18796190E+01   0.56610324E-01   0.30807586E+01   0.33370025E+01   0.48584694E+00   0.15083665E-01   0.28862170E+01   0.17245022E+01
  0.79432823E+01   0.10000000E+02   0.71800000E+06   0.18630519E+01   0.58562341E-01   0.39196385E+01   0.34549456E+01   0.48583535E+00   0.15871492E-01   0.28862109E+01   0.18126530E+01
  0.85113804E+01   0.10000000E+02   0.72300000E+06   0.18442782E+01   0.60395288E-01   0.48635005E+01   0.35709902E+01   0.48586227E+00   0.16674750E-01   0.28858203E+01   0.19037587E+01
  0.91201084E+01   0.10000000E+02   0.55900000E+06   0.18232518E+01   0.62405871E-01   0.59259321E+01   0.37053757E+01   0.48583367E+00   0.17593910E-01   0.28881960E+01   0.20130395E+01
  0.97723722E+01   0.10000000E+02   0.82400000E+06   0.17994465E+01   0.64406324E-01   0.71297979E+01   0.38318782E+01   0.48588669E+00   0.18609386E-01   0.28821238E+01   0.21260413E+01
  0.10471285E+02   0.10000000E+02   0.10130000E+07   0.17731439E+01   0.66252169E-01   0.84581861E+01   0.39585030E+01   0.48584686E+00   0.19676254E-01   0.28857378E+01   0.22500322E+01
  0.11220185E+02   0.10000000E+02   0.52800000E+06   0.17436888E+01   0.68071395E-01   0.99459487E+01   0.40789084E+01   0.48586998E+00   0.20847636E-01   0.28836434E+01   0.23805811E+01
  0.12022644E+02   0.10000000E+02   0.10120000E+07   0.17111920E+01   0.69776726E-01   0.11580019E+02   0.42023461E+01   0.48587121E+00   0.22096594E-01   0.28872677E+01   0.25234586E+01
  0.12882496E+02   0.10000000E+02   0.73200000E+06   0.16753271E+01   0.71425970E-01   0.13393235E+02   0.43188671E+01   0.48584144E+00   0.23460721E-01   0.28890514E+01   0.26797909E+01
  0.13803843E+02   0.10000000E+02   0.83000000E+06   0.16356697E+01   0.72838654E-01   0.15396292E+02   0.44354899E+01   0.48590632E+00   0.24925341E-01   0.28824233E+01   0.28505823E+01
  0.14791084E+02   0.10000000E+02   0.66900000E+06   0.15925839E+01   0.73951209E-01   0.17573391E+02   0.45259443E+01   0.48587507E+00   0.26563431E-01   0.28851898E+01   0.30316548E+01
  0.15848932E+02   0.10000000E+02   0.11360000E+07   0.15458328E+01   0.75140753E-01   0.19936597E+02   0.46276813E+01   0.48585273E+00   0.28253708E-01   0.28855754E+01   0.32289624E+01
  0.16982437E+02   0.10000000E+02   0.10800000E+07   0.14954144E+01   0.75883989E-01   0.22482576E+02   0.47092255E+01   0.48582427E+00   0.30123527E-01   0.28887815E+01   0.34384614E+01
  0.18197009E+02   0.10000000E+02   0.91900000E+06   0.14412833E+01   0.76542971E-01   0.25216106E+02   0.47771382E+01   0.48580909E+00   0.32133794E-01   0.28904918E+01   0.36693160E+01
  0.19498446E+02   0.10000000E+02   0.12480000E+07   0.13837988E+01   0.76759681E-01   0.28118527E+02   0.48279255E+01   0.48587350E+00   0.34265064E-01   0.28838586E+01   0.39118602E+01
  0.20892961E+02   0.10000000E+02   0.76000000E+06   0.13228691E+01   0.76876222E-01   0.31190467E+02   0.48756698E+01   0.48592317E+00   0.36571931E-01   0.28827125E+01   0.41794533E+01
  0.22387211E+02   0.10000000E+02   0.63600000E+06   0.12594877E+01   0.76981436E-01   0.34393647E+02   0.49050331E+01   0.48581911E+00   0.39073585E-01   0.28910693E+01   0.44610086E+01
  0.23988329E+02   0.10000000E+02   0.61300000E+06   0.11937405E+01   0.76803389E-01   0.37715034E+02   0.49321574E+01   0.48590091E+00   0.41792290E-01   0.28829634E+01   0.47682094E+01
  0.25703958E+02   0.10000000E+02   0.93600000E+06   0.11262090E+01   0.76616878E-01   0.41127589E+02   0.49390211E+01   0.48588897E+00   0.44622958E-01   0.28819990E+01   0.50932636E+01
  0.27542287E+02   0.10000000E+02   0.10860000E+07   0.10572474E+01   0.76475879E-01   0.44608514E+02   0.49422371E+01   0.48588113E+00   0.47775431E-01   0.28843913E+01   0.54518305E+01
  0.29512092E+02   0.10000000E+02   0.94000000E+06   0.98774798E+00   0.76207402E-01   0.48124068E+02   0.49391569E+01   0.48577192E+00   0.51050825E-01   0.28896365E+01   0.58302347E+01
  0.31622777E+02   0.10000000E+02   0.70800000E+06   0.91847408E+00   0.75971883E-01   0.51617828E+02   0.49229413E+01   0.48609298E+00   0.54662211E-01   0.28628772E+01   0.62382686E+01
  0.33884416E+02   0.10000000E+02   0.97900000E+06   0.85007507E+00   0.75697399E-01   0.55068510E+02   0.48996948E+01   0.48579838E+00   0.58546443E-01   0.28945193E+01   0.66853162E+01
  0.36307805E+02   0.10000000E+02   0.10830000E+07   0.78291682E+00   0.75415239E-01   0.58463456E+02   0.48709803E+01   0.48590236E+00   0.62494600E-01   0.28800063E+01   0.71362953E+01
  0.38904514E+02   0.10000000E+02   0.13490000E+07   0.71804349E+00   0.75199941E-01   0.61737639E+02   0.48322158E+01   0.48581632E+00   0.66962114E-01   0.28914109E+01   0.76416547E+01
  0.41686938E+02   0.10000000E+02   0.12700000E+07   0.65566729E+00   0.74586389E-01   0.64883131E+02   0.47668641E+01   0.48599444E+00   0.71653506E-01   0.28802261E+01   0.81799921E+01
  0.44668359E+02   0.10000000E+02   0.11930000E+07   0.59589673E+00   0.73889916E-01   0.67908362E+02   0.47021335E+01   0.48590458E+00   0.76733500E-01   0.28788394E+01   0.87575382E+01
  0.47863009E+02   0.10000000E+02   0.15070000E+07   0.53948850E+00   0.73049724E-01   0.70751882E+02   0.46240415E+01   0.48583484E+00   0.82160748E-01   0.28946063E+01   0.93753407E+01
  0.51286138E+02   0.10000000E+02   0.90800000E+06   0.48641799E+00   0.71766156E-01   0.73435167E+02   0.45285744E+01   0.48567777E+00   0.88011598E-01   0.29042173E+01   0.10044642E+02
  0.54954087E+02   0.10000000E+02   0.91700000E+06   0.43744701E+00   0.70476155E-01   0.75909131E+02   0.44266394E+01   0.48583697E+00   0.94228400E-01   0.28856674E+01   0.10759905E+02
  0.58884366E+02   0.10000000E+02   0.11370000E+07   0.39186680E+00   0.69017674E-01   0.78214610E+02   0.43145380E+01   0.48579581E+00   0.10100783E+00   0.28837548E+01   0.11537221E+02
  0.63095734E+02   0.10000000E+02   0.99300000E+06   0.35008180E+00   0.67056354E-01   0.80317746E+02   0.41890942E+01   0.48579544E+00   0.10807924E+00   0.29020588E+01   0.12328449E+02
  0.67608298E+02   0.10000000E+02   0.12290000E+07   0.31187723E+00   0.65086957E-01   0.82250391E+02   0.40525471E+01   0.48588779E+00   0.11567208E+00   0.28850033E+01   0.13214013E+02
  0.72443596E+02   0.10000000E+02   0.12520000E+07   0.27707083E+00   0.62931195E-01   0.84009509E+02   0.39142340E+01   0.48586868E+00   0.12402390E+00   0.28800974E+01   0.14155860E+02
  0.77624712E+02   0.10000000E+02   0.86700000E+06   0.24569709E+00   0.60546696E-01   0.85593348E+02   0.37655852E+01   0.48594977E+00   0.13284797E+00   0.28741764E+01   0.15174324E+02
  0.83176377E+02   0.10000000E+02   0.14440000E+07   0.21732855E+00   0.58131118E-01   0.87025101E+02   0.36216767E+01   0.48581480E+00   0.14229480E+00   0.28871970E+01   0.16246155E+02
  0.89125094E+02   0.10000000E+02   0.10590000E+07   0.19189533E+00   0.55686407E-01   0.88307710E+02   0.34759905E+01   0.48565415E+00   0.15246890E+00   0.29147675E+01   0.17397758E+02
  0.95499259E+02   0.10000000E+02   0.11180000E+07   0.16923693E+00   0.53169762E-01   0.89456322E+02   0.33297187E+01   0.48587611E+00   0.16349224E+00   0.28749606E+01   0.18651902E+02
  0.10232930E+03   0.10000000E+02   0.10980000E+07   0.14895897E+00   0.50538258E-01   0.90476643E+02   0.31800305E+01   0.48583728E+00   0.17496836E+00   0.28871050E+01   0.19977703E+02
  0.10964782E+03   0.10000000E+02   0.11790000E+07   0.13103591E+00   0.48021353E-01   0.91382139E+02   0.30348251E+01   0.48579634E+00   0.18724187E+00   0.28959466E+01   0.21370628E+02
  0.11748976E+03   0.10000000E+02   0.13770000E+07   0.11507266E+00   0.45530609E-01   0.92188969E+02   0.28973424E+01   0.48587814E+00   0.20077737E+00   0.28789443E+01   0.22910840E+02
  0.12589254E+03   0.10000000E+02   0.13970000E+07   0.10102977E+00   0.43094699E-01   0.92897203E+02   0.27700981E+01   0.48616463E+00   0.21508115E+00   0.28531480E+01   0.24545469E+02
  0.13489629E+03   0.10000000E+02   0.15200000E+07   0.88507631E-01   0.40688559E-01   0.93534029E+02   0.26334677E+01   0.48591777E+00   0.23049712E+00   0.28572502E+01   0.26336915E+02
  0.14454398E+03   0.10000000E+02   0.11920000E+07   0.77530122E-01   0.38389080E-01   0.94086320E+02   0.25129394E+01   0.48600846E+00   0.24692230E+00   0.28504120E+01   0.28212774E+02
  0.15488166E+03   0.10000000E+02   0.73600000E+06   0.67860739E-01   0.36166006E-01   0.94572980E+02   0.23965795E+01   0.48628886E+00   0.26488873E+00   0.28630179E+01   0.30261238E+02
  0.16595869E+03   0.10000000E+02   0.13750000E+07   0.59330774E-01   0.34067455E-01   0.95001760E+02   0.22917964E+01   0.48585619E+00   0.28389017E+00   0.28904936E+01   0.32393060E+02
  0.17782794E+03   0.10000000E+02   0.11750000E+07   0.51846422E-01   0.32009370E-01   0.95378097E+02   0.21903350E+01   0.48547601E+00   0.30394821E+00   0.29597691E+01   0.34672051E+02
  0.19054607E+03   0.10000000E+02   0.17070000E+07   0.45322218E-01   0.30055588E-01   0.95710831E+02   0.20929754E+01   0.48590398E+00   0.32575284E+00   0.28993682E+01   0.37179676E+02
  0.20417379E+03   0.10000000E+02   0.15210000E+07   0.39579285E-01   0.28226596E-01   0.96001813E+02   0.20030505E+01   0.48562315E+00   0.34907039E+00   0.29146796E+01   0.39844258E+02
  0.21877616E+03   0.10000000E+02   0.16860000E+07   0.34605555E-01   0.26436766E-01   0.96252141E+02   0.19206802E+01   0.48630641E+00   0.37382235E+00   0.28547823E+01   0.42674620E+02
  0.23442288E+03   0.10000000E+02   0.13770000E+07   0.30219880E-01   0.24782016E-01   0.96474197E+02   0.18454324E+01   0.48633291E+00   0.40034739E+00   0.28438979E+01   0.45703671E+02
  0.25118864E+03   0.10000000E+02   0.16920000E+07   0.26357520E-01   0.23171105E-01   0.96670546E+02   0.17714593E+01   0.48634292E+00   0.42844275E+00   0.28223972E+01   0.48958409E+02
  0.26915348E+03   0.10000000E+02   0.14240000E+07   0.22990309E-01   0.21735112E-01   0.96839360E+02   0.17133652E+01   0.48612879E+00   0.45979938E+00   0.28887021E+01   0.52525579E+02
  0.28840315E+03   0.10000000E+02   0.22610000E+07   0.20043857E-01   0.20332088E-01   0.96988380E+02   0.16524556E+01   0.48600898E+00   0.49254973E+00   0.28836460E+01   0.56263190E+02
  0.30902954E+03   0.10000000E+02   0.10550000E+07   0.17463358E-01   0.19016529E-01   0.97119558E+02   0.15978096E+01   0.48540220E+00   0.52748605E+00   0.28831466E+01   0.60230298E+02
  0.33113112E+03   0.10000000E+02   0.16680000E+07   0.15243596E-01   0.17794375E-01   0.97229872E+02   0.15529998E+01   0.48600923E+00   0.56582163E+00   0.29091760E+01   0.64563513E+02
  0.35481339E+03   0.10000000E+02   0.92300000E+06   0.13304752E-01   0.16652003E-01   0.97328355E+02   0.15093634E+01   0.48658782E+00   0.60665973E+00   0.27843344E+01   0.69189541E+02
  0.38018940E+03   0.10000000E+02   0.15610000E+07   0.11569063E-01   0.15563077E-01   0.97416086E+02   0.14704226E+01   0.48516306E+00   0.64959027E+00   0.29763713E+01   0.74129997E+02
  0.40738028E+03   0.10000000E+02   0.21380000E+07   0.10084750E-01   0.14530710E-01   0.97488890E+02   0.14338116E+01   0.48551572E+00   0.69555743E+00   0.29696280E+01   0.79438924E+02
  0.43651583E+03   0.10000000E+02   0.18980000E+07   0.88055799E-02   0.13577297E-01   0.97556834E+02   0.14025944E+01   0.48630612E+00   0.74523517E+00   0.28207193E+01   0.85082793E+02
  0.46773514E+03   0.10000000E+02   0.14550000E+07   0.76562715E-02   0.12697200E-01   0.97613446E+02   0.13743103E+01   0.48513324E+00   0.79928126E+00   0.29415687E+01   0.91218738E+02
  0.50118723E+03   0.10000000E+02   0.21790000E+07   0.66684565E-02   0.11852377E-01   0.97663739E+02   0.13486454E+01   0.48497059E+00   0.85582680E+00   0.28991811E+01   0.97687969E+02
  0.53703180E+03   0.10000000E+02   0.19580000E+07   0.58263151E-02   0.11072330E-01   0.97706127E+02   0.13284618E+01   0.48629666E+00   0.91730256E+00   0.27887960E+01   0.10473873E+03
  0.57543994E+03   0.10000000E+02   0.21860000E+07   0.50734252E-02   0.10338141E-01   0.97744380E+02   0.13076735E+01   0.48613983E+00   0.98266728E+00   0.28502757E+01   0.11220271E+03
  0.61659500E+03   0.10000000E+02   0.21330000E+07   0.44239993E-02   0.96640032E-02   0.97775755E+02   0.12922027E+01   0.48653346E+00   0.10542761E+01   0.28248446E+01   0.12033551E+03
  0.66069345E+03   0.10000000E+02   0.29260000E+07   0.38458592E-02   0.90138384E-02   0.97806117E+02   0.12749549E+01   0.48537443E+00   0.11280528E+01   0.29168295E+01   0.12880902E+03
  0.70794578E+03   0.10000000E+02   0.28040000E+07   0.33567221E-02   0.84114124E-02   0.97831142E+02   0.12619585E+01   0.48642793E+00   0.12084159E+01   0.28396660E+01   0.13799608E+03
  0.75857758E+03   0.10000000E+02   0.22350000E+07   0.29180595E-02   0.78571192E-02   0.97853462E+02   0.12502186E+01   0.48538313E+00   0.12951760E+01   0.29772027E+01   0.14791937E+03
  0.81283052E+03   0.10000000E+02   0.23630000E+07   0.25437234E-02   0.73391859E-02   0.97871928E+02   0.12384496E+01   0.48557140E+00   0.13883678E+01   0.29755074E+01   0.15855814E+03
  0.87096359E+03   0.10000000E+02   0.25220000E+07   0.22130296E-02   0.68547896E-02   0.97889188E+02   0.12298088E+01   0.48495149E+00   0.14880751E+01   0.29638374E+01   0.16992000E+03
  0.93325430E+03   0.10000000E+02   0.19100000E+07   0.19271459E-02   0.63922683E-02   0.97903015E+02   0.12220582E+01   0.48459992E+00   0.15934275E+01   0.29852010E+01   0.18196852E+03
  0.10000000E+04   0.10000000E+02   0.26610000E+07   0.16812092E-02   0.59704731E-02   0.97914833E+02   0.12140356E+01   0.48584014E+00   0.17090296E+01   0.27952023E+01   0.19505063E+03
