  0.10000000E+01   0.20000000E+02   0.44900000E+06   0.19977307E+01   0.69599715E-01  -0.28801543E+01   0.40496871E+01   0.44775428E+00   0.14117785E-01   0.66176907E+01   0.16512425E+01
  0.10715193E+01   0.20000000E+02   0.74400000E+06   0.19972966E+01   0.69570922E-01  -0.28612663E+01   0.40519900E+01   0.44776982E+00   0.14106747E-01   0.66175260E+01   0.16524297E+01
  0.11481536E+01   0.20000000E+02   0.80800000E+06   0.19969514E+01   0.69710863E-01  -0.28471759E+01   0.40543513E+01   0.44775241E+00   0.14129972E-01   0.66207707E+01   0.16521506E+01
  0.12302688E+01   0.20000000E+02   0.38100000E+06   0.19965891E+01   0.69857270E-01  -0.28243709E+01   0.40602236E+01   0.44773489E+00   0.14159675E-01   0.66204847E+01   0.16560395E+01
  0.13182567E+01   0.20000000E+02   0.60600000E+06   0.19959750E+01   0.69695714E-01  -0.27965425E+01   0.40573447E+01   0.44775735E+00   0.14153049E-01   0.66197196E+01   0.16561930E+01
  0.14125375E+01   0.20000000E+02   0.58200000E+06   0.19955163E+01   0.69739537E-01  -0.27750905E+01   0.40615537E+01   0.44772452E+00   0.14183579E-01   0.66236617E+01   0.16594260E+01
  0.15135612E+01   0.20000000E+02   0.76600000E+06   0.19945823E+01   0.70048897E-01  -0.27233778E+01   0.40765170E+01   0.44777328E+00   0.14250952E-01   0.66168713E+01   0.16668242E+01
  0.16218101E+01   0.20000000E+02   0.48800000E+06   0.19938038E+01   0.70128510E-01  -0.26869079E+01   0.40788813E+01   0.44778124E+00   0.14263765E-01   0.66173606E+01   0.16682416E+01
  0.17378008E+01   0.20000000E+02   0.57600000E+06   0.19930012E+01   0.70165518E-01  -0.26459256E+01   0.40828955E+01   0.44777099E+00   0.14294015E-01   0.66181413E+01   0.16717534E+01
  0.18620871E+01   0.20000000E+02   0.73800000E+06   0.19919766E+01   0.70409203E-01  -0.25948295E+01   0.40951139E+01   0.44775274E+00   0.14365792E-01   0.66201929E+01   0.16783241E+01
  0.19952623E+01   0.20000000E+02   0.61400000E+06   0.19907068E+01   0.70529106E-01  -0.25308586E+01   0.41056332E+01   0.44777717E+00   0.14409344E-01   0.66179031E+01   0.16847003E+01
  0.21379621E+01   0.20000000E+02   0.59500000E+06   0.19893715E+01   0.70511863E-01  -0.24642084E+01   0.41029526E+01   0.44777416E+00   0.14423250E-01   0.66185495E+01   0.16862642E+01
  0.22908677E+01   0.20000000E+02   0.73700000E+06   0.19878064E+01   0.70926458E-01  -0.23842603E+01   0.41273901E+01   0.44777684E+00   0.14512007E-01   0.66179153E+01   0.16960898E+01
  0.24547089E+01   0.20000000E+02   0.56700000E+06   0.19859321E+01   0.71200882E-01  -0.22912060E+01   0.41417081E+01   0.44778520E+00   0.14602607E-01   0.66178002E+01   0.17049934E+01
  0.26302680E+01   0.20000000E+02   0.55700000E+06   0.19841898E+01   0.71308236E-01  -0.22042683E+01   0.41509338E+01   0.44771879E+00   0.14658510E-01   0.66248155E+01   0.17130431E+01
  0.28183829E+01   0.20000000E+02   0.75500000E+06   0.19817623E+01   0.71638040E-01  -0.20812631E+01   0.41758724E+01   0.44774884E+00   0.14761688E-01   0.66216282E+01   0.17268058E+01
  0.30199517E+01   0.20000000E+02   0.59900000E+06   0.19790510E+01   0.71849194E-01  -0.19416647E+01   0.41877438E+01   0.44775687E+00   0.14839863E-01   0.66195967E+01   0.17362704E+01
  0.32359366E+01   0.20000000E+02   0.46200000E+06   0.19758938E+01   0.72338222E-01  -0.17804278E+01   0.42116741E+01   0.44775762E+00   0.15001438E-01   0.66188750E+01   0.17507391E+01
  0.34673685E+01   0.20000000E+02   0.59100000E+06   0.19723011E+01   0.72696406E-01  -0.16035404E+01   0.42329796E+01   0.44779006E+00   0.15125208E-01   0.66177461E+01   0.17650843E+01
  0.37153523E+01   0.20000000E+02   0.72800000E+06   0.19684019E+01   0.73129178E-01  -0.14024616E+01   0.42632692E+01   0.44775329E+00   0.15271334E-01   0.66193720E+01   0.17826171E+01
  0.39810717E+01   0.20000000E+02   0.45100000E+06   0.19637159E+01   0.73580217E-01  -0.11654360E+01   0.42933360E+01   0.44776756E+00   0.15449874E-01   0.66176263E+01   0.18059313E+01
  0.42657952E+01   0.20000000E+02   0.37500000E+06   0.19583868E+01   0.74302650E-01  -0.89572211E+00   0.43308970E+01   0.44778144E+00   0.15681867E-01   0.66161685E+01   0.18284660E+01
  0.45708819E+01   0.20000000E+02   0.64000000E+06   0.19524289E+01   0.74831400E-01  -0.59380814E+00   0.43648449E+01   0.44778579E+00   0.15907172E-01   0.66152850E+01   0.18539915E+01
  0.48977882E+01   0.20000000E+02   0.57800000E+06   0.19457037E+01   0.75517483E-01  -0.26111839E+00   0.44134114E+01   0.44774700E+00   0.16134253E-01   0.66221706E+01   0.18835706E+01
  0.52480746E+01   0.20000000E+02   0.22630000E+07   0.19378673E+01   0.76255713E-01   0.14041003E+00   0.44563299E+01   0.44775234E+00   0.16439732E-01   0.66190346E+01   0.19164638E+01
  0.56234133E+01   0.20000000E+02   0.13550000E+07   0.19290052E+01   0.77149055E-01   0.58669116E+00   0.45111298E+01   0.44774081E+00   0.16776906E-01   0.66206807E+01   0.19551276E+01
  0.60255959E+01   0.20000000E+02   0.10970000E+07   0.19188311E+01   0.78170058E-01   0.11025558E+01   0.45761895E+01   0.44776528E+00   0.17180746E-01   0.66173575E+01   0.20010401E+01
  0.64565423E+01   0.20000000E+02   0.46000000E+06   0.19074989E+01   0.79020127E-01   0.16698587E+01   0.46305306E+01   0.44773514E+00   0.17560653E-01   0.66226223E+01   0.20428660E+01
  0.69183097E+01   0.20000000E+02   0.79300000E+06   0.18943655E+01   0.80101824E-01   0.23362333E+01   0.47005059E+01   0.44777606E+00   0.18026995E-01   0.66172028E+01   0.20987929E+01
  0.74131024E+01   0.20000000E+02   0.82600000E+06   0.18796480E+01   0.81345870E-01   0.30788990E+01   0.47816112E+01   0.44777854E+00   0.18572176E-01   0.66170689E+01   0.21617161E+01
  0.79432823E+01   0.20000000E+02   0.77100000E+06   0.18628773E+01   0.82376450E-01   0.39267043E+01   0.48476297E+01   0.44779460E+00   0.19151147E-01   0.66150616E+01   0.22269754E+01
  0.85113804E+01   0.20000000E+02   0.62300000E+06   0.18442817E+01   0.83528981E-01   0.48646207E+01   0.49230257E+01   0.44773430E+00   0.19767787E-01   0.66215242E+01   0.22982837E+01
  0.91201084E+01   0.20000000E+02   0.50400000E+06   0.18229708E+01   0.84647589E-01   0.59410897E+01   0.50046419E+01   0.44780619E+00   0.20505520E-01   0.66143885E+01   0.23819362E+01
  0.97723722E+01   0.20000000E+02   0.78500000E+06   0.17993861E+01   0.86000054E-01   0.71241649E+01   0.50948653E+01   0.44779367E+00   0.21294023E-01   0.66197721E+01   0.24724728E+01
  0.10471285E+02   0.20000000E+02   0.46200000E+06   0.17732229E+01   0.86908596E-01   0.84493691E+01   0.51687253E+01   0.44774473E+00   0.22134434E-01   0.66226278E+01   0.25708848E+01
  0.11220185E+02   0.20000000E+02   0.80800000E+06   0.17437882E+01   0.88266356E-01   0.99367640E+01   0.52586846E+01   0.44777922E+00   0.23138254E-01   0.66184263E+01   0.26823018E+01
  0.12022644E+02   0.20000000E+02   0.75200000E+06   0.17111590E+01   0.89152667E-01   0.11584189E+02   0.53445655E+01   0.44778244E+00   0.24182629E-01   0.66187907E+01   0.28072069E+01
  0.12882496E+02   0.20000000E+02   0.84000000E+06   0.16752256E+01   0.90147244E-01   0.13400783E+02   0.54210425E+01   0.44778278E+00   0.25349505E-01   0.66173885E+01   0.29383290E+01
  0.13803843E+02   0.20000000E+02   0.90000000E+06   0.16357091E+01   0.90907848E-01   0.15398289E+02   0.54950298E+01   0.44777818E+00   0.26624298E-01   0.66167316E+01   0.30860713E+01
  0.14791084E+02   0.20000000E+02   0.67900000E+06   0.15927314E+01   0.91463048E-01   0.17569211E+02   0.55594592E+01   0.44772605E+00   0.27980163E-01   0.66217888E+01   0.32405718E+01
  0.15848932E+02   0.20000000E+02   0.91400000E+06   0.15459915E+01   0.91981645E-01   0.19932625E+02   0.56180788E+01   0.44771230E+00   0.29552519E-01   0.66217898E+01   0.34212923E+01
  0.16982437E+02   0.20000000E+02   0.88400000E+06   0.14953226E+01   0.91990432E-01   0.22483428E+02   0.56578214E+01   0.44777051E+00   0.31162168E-01   0.66206029E+01   0.36066085E+01
  0.18197009E+02   0.20000000E+02   0.85300000E+06   0.14412998E+01   0.91813254E-01   0.25212097E+02   0.56973279E+01   0.44781361E+00   0.32953045E-01   0.66145498E+01   0.38148710E+01
  0.19498446E+02   0.20000000E+02   0.96600000E+06   0.13835315E+01   0.91679800E-01   0.28128162E+02   0.57197834E+01   0.44780580E+00   0.34911406E-01   0.66171611E+01   0.40382522E+01
  0.20892961E+02   0.20000000E+02   0.82100000E+06   0.13230655E+01   0.91235531E-01   0.31185142E+02   0.57382711E+01   0.44777448E+00   0.37024855E-01   0.66186755E+01   0.42802084E+01
  0.22387211E+02   0.20000000E+02   0.11130000E+07   0.12597016E+01   0.90643803E-01   0.34386788E+02   0.57419572E+01   0.44776961E+00   0.39301516E-01   0.66172439E+01   0.45433268E+01
  0.23988329E+02   0.20000000E+02   0.10790000E+07   0.11935298E+01   0.89845970E-01   0.37727806E+02   0.57269237E+01   0.44780286E+00   0.41790647E-01   0.66151375E+01   0.48279704E+01
  0.25703958E+02   0.20000000E+02   0.94600000E+06   0.11259852E+01   0.88974224E-01   0.41142864E+02   0.57151541E+01   0.44775323E+00   0.44448968E-01   0.66170767E+01   0.51378937E+01
  0.27542287E+02   0.20000000E+02   0.99000000E+06   0.10571410E+01   0.88004140E-01   0.44613497E+02   0.56858891E+01   0.44783867E+00   0.47364721E-01   0.66136705E+01   0.54736959E+01
  0.29512092E+02   0.20000000E+02   0.81700000E+06   0.98777070E+00   0.87152983E-01   0.48118915E+02   0.56557209E+01   0.44777990E+00   0.50406350E-01   0.66151879E+01   0.58295017E+01
  0.31622777E+02   0.20000000E+02   0.10170000E+07   0.91836798E+00   0.86391216E-01   0.51621820E+02   0.56247983E+01   0.44773174E+00   0.53757452E-01   0.66224152E+01   0.62059451E+01
  0.33884416E+02   0.20000000E+02   0.10990000E+07   0.85019259E+00   0.85451108E-01   0.55062407E+02   0.55722843E+01   0.44773221E+00   0.57334422E-01   0.66250648E+01   0.66225232E+01
  0.36307805E+02   0.20000000E+02   0.90300000E+06   0.78333011E+00   0.84387580E-01   0.58435920E+02   0.55034980E+01   0.44788853E+00   0.61167331E-01   0.66140955E+01   0.70661266E+01
  0.38904514E+02   0.20000000E+02   0.91500000E+06   0.71809064E+00   0.83339654E-01   0.61735381E+02   0.54394348E+01   0.44784123E+00   0.65390793E-01   0.66124015E+01   0.75492145E+01
  0.41686938E+02   0.20000000E+02   0.98800000E+06   0.65550767E+00   0.82209396E-01   0.64896166E+02   0.53665421E+01   0.44779433E+00   0.69839273E-01   0.66151599E+01   0.80637342E+01
  0.44668359E+02   0.20000000E+02   0.10910000E+07   0.59590012E+00   0.80994261E-01   0.67901074E+02   0.52861060E+01   0.44774489E+00   0.74637562E-01   0.66282116E+01   0.86106770E+01
  0.47863009E+02   0.20000000E+02   0.80400000E+06   0.53926335E+00   0.79316838E-01   0.70765856E+02   0.51822297E+01   0.44754912E+00   0.79776825E-01   0.66419925E+01   0.92090749E+01
  0.51286138E+02   0.20000000E+02   0.91300000E+06   0.48666908E+00   0.77721922E-01   0.73421632E+02   0.50793605E+01   0.44776980E+00   0.85276475E-01   0.66169490E+01   0.98503406E+01
  0.54954087E+02   0.20000000E+02   0.92400000E+06   0.43746565E+00   0.76134224E-01   0.75912963E+02   0.49695674E+01   0.44776155E+00   0.91383774E-01   0.66144062E+01   0.10560723E+02
  0.58884366E+02   0.20000000E+02   0.11490000E+07   0.39181626E+00   0.73882876E-01   0.78213172E+02   0.48415410E+01   0.44764050E+00   0.97667929E-01   0.66325145E+01   0.11266024E+02
  0.63095734E+02   0.20000000E+02   0.10540000E+07   0.35012930E+00   0.71710881E-01   0.80319446E+02   0.47101853E+01   0.44780852E+00   0.10442930E+00   0.66175853E+01   0.12059495E+02
  0.67608298E+02   0.20000000E+02   0.75200000E+06   0.31186615E+00   0.69399020E-01   0.82252090E+02   0.45749248E+01   0.44774593E+00   0.11179725E+00   0.66168756E+01   0.12909246E+02
  0.72443596E+02   0.20000000E+02   0.11450000E+07   0.27707705E+00   0.66790710E-01   0.84009361E+02   0.44278027E+01   0.44781217E+00   0.11968100E+00   0.66073085E+01   0.13820915E+02
  0.77624712E+02   0.20000000E+02   0.14700000E+07   0.24564447E+00   0.64162834E-01   0.85594613E+02   0.42874030E+01   0.44775755E+00   0.12813752E+00   0.66179598E+01   0.14788823E+02
  0.83176377E+02   0.20000000E+02   0.87800000E+06   0.21732455E+00   0.61538880E-01   0.87026126E+02   0.41446217E+01   0.44769822E+00   0.13740098E+00   0.66293993E+01   0.15860970E+02
  0.89125094E+02   0.20000000E+02   0.14080000E+07   0.19195407E+00   0.58783895E-01   0.88307222E+02   0.40040068E+01   0.44777600E+00   0.14700694E+00   0.66165987E+01   0.16961272E+02
  0.95499259E+02   0.20000000E+02   0.99100000E+06   0.16917721E+00   0.55922834E-01   0.89456326E+02   0.38611654E+01   0.44759146E+00   0.15720557E+00   0.66344342E+01   0.18142459E+02
  0.10232930E+03   0.20000000E+02   0.11620000E+07   0.14900878E+00   0.53205914E-01   0.90474581E+02   0.37180406E+01   0.44782497E+00   0.16853949E+00   0.66096840E+01   0.19449717E+02
  0.10964782E+03   0.20000000E+02   0.99400000E+06   0.13099596E+00   0.50464994E-01   0.91386476E+02   0.35846328E+01   0.44754894E+00   0.18024006E+00   0.66453077E+01   0.20800792E+02
  0.11748976E+03   0.20000000E+02   0.10830000E+07   0.11513072E+00   0.47783675E-01   0.92183390E+02   0.34581346E+01   0.44805257E+00   0.19325683E+00   0.65882897E+01   0.22299916E+02
  0.12589254E+03   0.20000000E+02   0.11400000E+07   0.10099079E+00   0.45190073E-01   0.92898940E+02   0.33447065E+01   0.44788487E+00   0.20695628E+00   0.66075101E+01   0.23879053E+02
  0.13489629E+03   0.20000000E+02   0.11710000E+07   0.88512273E-01   0.42648078E-01   0.93532433E+02   0.32245083E+01   0.44787894E+00   0.22180287E+00   0.65935451E+01   0.25609358E+02
  0.14454398E+03   0.20000000E+02   0.10180000E+07   0.77519036E-01   0.40193095E-01   0.94087726E+02   0.31148550E+01   0.44772089E+00   0.23741613E+00   0.65939525E+01   0.27433727E+02
  0.15488166E+03   0.20000000E+02   0.12060000E+07   0.67870269E-01   0.37851478E-01   0.94572827E+02   0.30149054E+01   0.44809612E+00   0.25458393E+00   0.65848633E+01   0.29413299E+02
  0.16595869E+03   0.20000000E+02   0.12330000E+07   0.59329141E-01   0.35654910E-01   0.95000565E+02   0.29268447E+01   0.44782229E+00   0.27315957E+00   0.66275277E+01   0.31509033E+02
  0.17782794E+03   0.20000000E+02   0.14750000E+07   0.51852929E-01   0.33463794E-01   0.95378088E+02   0.28411908E+01   0.44746100E+00   0.29225084E+00   0.66707209E+01   0.33710013E+02
  0.19054607E+03   0.20000000E+02   0.11010000E+07   0.45301857E-01   0.31414645E-01   0.95713635E+02   0.27605301E+01   0.44771198E+00   0.31333316E+00   0.66454517E+01   0.36158637E+02
  0.20417379E+03   0.20000000E+02   0.86700000E+06   0.39625482E-01   0.29452745E-01   0.95994735E+02   0.26875379E+01   0.44816913E+00   0.33533669E+00   0.66035821E+01   0.38703355E+02
  0.21877616E+03   0.20000000E+02   0.10830000E+07   0.34550507E-01   0.27650842E-01   0.96258054E+02   0.26230684E+01   0.44734698E+00   0.35955255E+00   0.66481285E+01   0.41489975E+02
  0.23442288E+03   0.20000000E+02   0.15740000E+07   0.30188655E-01   0.25874149E-01   0.96474652E+02   0.25648093E+01   0.44793462E+00   0.38499618E+00   0.66220705E+01   0.44436802E+02
  0.25118864E+03   0.20000000E+02   0.11160000E+07   0.26394369E-01   0.24218421E-01   0.96669049E+02   0.25108054E+01   0.44866924E+00   0.41229488E+00   0.65269247E+01   0.47600939E+02
  0.26915348E+03   0.20000000E+02   0.17360000E+07   0.22998385E-01   0.22649970E-01   0.96839263E+02   0.24604479E+01   0.44821421E+00   0.44124668E+00   0.65746091E+01   0.50956380E+02
  0.28840315E+03   0.20000000E+02   0.13560000E+07   0.20076244E-01   0.21226217E-01   0.96989008E+02   0.24197842E+01   0.44851783E+00   0.47344911E+00   0.65529582E+01   0.54687198E+02
  0.30902954E+03   0.20000000E+02   0.10710000E+07   0.17467990E-01   0.19855176E-01   0.97118314E+02   0.23825742E+01   0.44765894E+00   0.50758440E+00   0.66277666E+01   0.58627895E+02
  0.33113112E+03   0.20000000E+02   0.91100000E+06   0.15246461E-01   0.18543411E-01   0.97232834E+02   0.23481663E+01   0.44816545E+00   0.54289582E+00   0.65475825E+01   0.62694100E+02
  0.35481339E+03   0.20000000E+02   0.13160000E+07   0.13286028E-01   0.17352684E-01   0.97329138E+02   0.23159286E+01   0.44769312E+00   0.58215932E+00   0.66573077E+01   0.67238165E+02
  0.38018940E+03   0.20000000E+02   0.15010000E+07   0.11579499E-01   0.16217644E-01   0.97417865E+02   0.22893634E+01   0.44766357E+00   0.62392868E+00   0.66346087E+01   0.71980424E+02
  0.40738028E+03   0.20000000E+02   0.17230000E+07   0.10101564E-01   0.15170176E-01   0.97488801E+02   0.22664037E+01   0.44814312E+00   0.66929397E+00   0.65972111E+01   0.77180578E+02
  0.43651583E+03   0.20000000E+02   0.18520000E+07   0.87945787E-02   0.14172750E-01   0.97556533E+02   0.22444979E+01   0.44748748E+00   0.71667999E+00   0.66747416E+01   0.82705182E+02
  0.46773514E+03   0.20000000E+02   0.14110000E+07   0.76441240E-02   0.13229450E-01   0.97610791E+02   0.22264680E+01   0.44653148E+00   0.76739839E+00   0.67922486E+01   0.88577552E+02
  0.50118723E+03   0.20000000E+02   0.13930000E+07   0.66923877E-02   0.12354393E-01   0.97663322E+02   0.22085804E+01   0.44864840E+00   0.82201520E+00   0.64849636E+01   0.94896950E+02
  0.53703180E+03   0.20000000E+02   0.20010000E+07   0.58129508E-02   0.11549373E-01   0.97707561E+02   0.21945799E+01   0.44724255E+00   0.88158374E+00   0.66735631E+01   0.10175437E+03
  0.57543994E+03   0.20000000E+02   0.20670000E+07   0.50679376E-02   0.10781692E-01   0.97745299E+02   0.21825038E+01   0.44737598E+00   0.94433409E+00   0.65770354E+01   0.10896028E+03
  0.61659500E+03   0.20000000E+02   0.21350000E+07   0.44191501E-02   0.10065647E-01   0.97776396E+02   0.21717557E+01   0.44776250E+00   0.10116038E+01   0.65848879E+01   0.11679203E+03
  0.66069345E+03   0.20000000E+02   0.13120000E+07   0.38480559E-02   0.93973798E-02   0.97805338E+02   0.21625271E+01   0.44771020E+00   0.10836524E+01   0.65645414E+01   0.12505597E+03
  0.70794578E+03   0.20000000E+02   0.20800000E+07   0.33571809E-02   0.87799425E-02   0.97829752E+02   0.21548160E+01   0.44835578E+00   0.11623267E+01   0.65926278E+01   0.13417885E+03
  0.75857758E+03   0.20000000E+02   0.19320000E+07   0.29254451E-02   0.81945397E-02   0.97850517E+02   0.21460565E+01   0.44830406E+00   0.12452270E+01   0.65610991E+01   0.14369223E+03
  0.81283052E+03   0.20000000E+02   0.17550000E+07   0.25418958E-02   0.76515603E-02   0.97874581E+02   0.21396108E+01   0.44724582E+00   0.13340598E+01   0.66279362E+01   0.15404298E+03
  0.87096359E+03   0.20000000E+02   0.22620000E+07   0.22192783E-02   0.71342431E-02   0.97889190E+02   0.21350810E+01   0.44833339E+00   0.14281260E+01   0.65536514E+01   0.16487209E+03
  0.93325430E+03   0.20000000E+02   0.22660000E+07   0.19257492E-02   0.66610235E-02   0.97903165E+02   0.21291965E+01   0.44662653E+00   0.15302943E+01   0.67602088E+01   0.17669153E+03
  0.10000000E+04   0.20000000E+02   0.20650000E+07   0.16829458E-02   0.62237236E-02   0.97916195E+02   0.21243014E+01   0.44796568E+00   0.16410341E+01   0.66965559E+01   0.18944944E+03
