  0.10000000E+01   0.40000000E+02   0.63800000E+06   0.19977465E+01   0.13869597E+00  -0.28777395E+01   0.80704973E+01   0.34042458E+00   0.17888743E-01   0.17135468E+02   0.22225701E+01
  0.10715193E+01   0.40000000E+02   0.88300000E+06   0.19972665E+01   0.13860001E+00  -0.28586158E+01   0.80683596E+01   0.34044512E+00   0.17870283E-01   0.17135261E+02   0.22222762E+01
  0.11481536E+01   0.40000000E+02   0.56800000E+06   0.19970006E+01   0.13871692E+00  -0.28527735E+01   0.80701828E+01   0.34038834E+00   0.17896667E-01   0.17143309E+02   0.22235510E+01
  0.12302688E+01   0.40000000E+02   0.81000000E+06   0.19965677E+01   0.13862693E+00  -0.28255550E+01   0.80636153E+01   0.34042456E+00   0.17898912E-01   0.17138113E+02   0.22240591E+01
  0.13182567E+01   0.40000000E+02   0.55600000E+06   0.19962634E+01   0.13849356E+00  -0.28122783E+01   0.80638873E+01   0.34038374E+00   0.17957704E-01   0.17142707E+02   0.22294723E+01
  0.14125375E+01   0.40000000E+02   0.43700000E+06   0.19953542E+01   0.13874773E+00  -0.27539009E+01   0.80704350E+01   0.34042575E+00   0.17936210E-01   0.17134530E+02   0.22282742E+01
  0.15135612E+01   0.40000000E+02   0.53800000E+06   0.19943707E+01   0.13899664E+00  -0.27165083E+01   0.80924983E+01   0.34046191E+00   0.17995161E-01   0.17134987E+02   0.22359166E+01
  0.16218101E+01   0.40000000E+02   0.67300000E+06   0.19938516E+01   0.13877511E+00  -0.26902104E+01   0.80759079E+01   0.34042276E+00   0.17974997E-01   0.17138662E+02   0.22351386E+01
  0.17378008E+01   0.40000000E+02   0.63700000E+06   0.19930555E+01   0.13890539E+00  -0.26481339E+01   0.80761763E+01   0.34042701E+00   0.18030383E-01   0.17137774E+02   0.22359602E+01
  0.18620871E+01   0.40000000E+02   0.73400000E+06   0.19919816E+01   0.13911874E+00  -0.25971328E+01   0.80970148E+01   0.34045092E+00   0.18072796E-01   0.17136401E+02   0.22431647E+01
  0.19952623E+01   0.40000000E+02   0.68200000E+06   0.19904827E+01   0.13868435E+00  -0.25171516E+01   0.80721362E+01   0.34044247E+00   0.18047870E-01   0.17135853E+02   0.22423424E+01
  0.21379621E+01   0.40000000E+02   0.56500000E+06   0.19894122E+01   0.13913062E+00  -0.24668025E+01   0.80916511E+01   0.34043943E+00   0.18086110E-01   0.17137511E+02   0.22450207E+01
  0.22908677E+01   0.40000000E+02   0.77600000E+06   0.19876537E+01   0.13918876E+00  -0.23771122E+01   0.80956946E+01   0.34044788E+00   0.18120083E-01   0.17136389E+02   0.22486847E+01
  0.24547089E+01   0.40000000E+02   0.62800000E+06   0.19862434E+01   0.13923330E+00  -0.23130644E+01   0.81039991E+01   0.34039606E+00   0.18177907E-01   0.17143992E+02   0.22562086E+01
  0.26302680E+01   0.40000000E+02   0.78200000E+06   0.19842772E+01   0.13930660E+00  -0.22073939E+01   0.81178095E+01   0.34042014E+00   0.18235160E-01   0.17139337E+02   0.22651410E+01
  0.28183829E+01   0.40000000E+02   0.77800000E+06   0.19816624E+01   0.13925548E+00  -0.20727993E+01   0.81107952E+01   0.34043286E+00   0.18277484E-01   0.17137125E+02   0.22711238E+01
  0.30199517E+01   0.40000000E+02   0.81200000E+06   0.19788928E+01   0.13939484E+00  -0.19365353E+01   0.81118099E+01   0.34044755E+00   0.18357893E-01   0.17137277E+02   0.22754180E+01
  0.32359366E+01   0.40000000E+02   0.80600000E+06   0.19759578E+01   0.13941247E+00  -0.17814038E+01   0.81230522E+01   0.34043298E+00   0.18405471E-01   0.17136152E+02   0.22830433E+01
  0.34673685E+01   0.40000000E+02   0.47800000E+06   0.19722151E+01   0.13955274E+00  -0.15957644E+01   0.81377241E+01   0.34043492E+00   0.18526624E-01   0.17136640E+02   0.23001263E+01
  0.37153523E+01   0.40000000E+02   0.34700000E+06   0.19682087E+01   0.13986186E+00  -0.13932797E+01   0.81449948E+01   0.34043070E+00   0.18615500E-01   0.17137484E+02   0.23054680E+01
  0.39810717E+01   0.40000000E+02   0.66700000E+06   0.19636155E+01   0.13980041E+00  -0.11537381E+01   0.81522287E+01   0.34046861E+00   0.18757643E-01   0.17131017E+02   0.23226288E+01
  0.42657952E+01   0.40000000E+02   0.73500000E+06   0.19586508E+01   0.13992985E+00  -0.91697530E+00   0.81680298E+01   0.34042055E+00   0.18840825E-01   0.17140404E+02   0.23369151E+01
  0.45708819E+01   0.40000000E+02   0.62000000E+06   0.19526328E+01   0.14029771E+00  -0.60244488E+00   0.81835740E+01   0.34043811E+00   0.18996043E-01   0.17135102E+02   0.23511363E+01
  0.48977882E+01   0.40000000E+02   0.70500000E+06   0.19456590E+01   0.14045017E+00  -0.24844665E+00   0.81939512E+01   0.34045092E+00   0.19161966E-01   0.17133295E+02   0.23714395E+01
  0.52480746E+01   0.40000000E+02   0.15670000E+07   0.19378892E+01   0.14058953E+00   0.13905285E+00   0.82145363E+01   0.34040576E+00   0.19336857E-01   0.17139382E+02   0.23922783E+01
  0.56234133E+01   0.40000000E+02   0.19130000E+07   0.19289725E+01   0.14104868E+00   0.59146226E+00   0.82419732E+01   0.34041116E+00   0.19580754E-01   0.17137923E+02   0.24218668E+01
  0.60255959E+01   0.40000000E+02   0.11120000E+07   0.19188832E+01   0.14120247E+00   0.10978359E+01   0.82577280E+01   0.34044474E+00   0.19808374E-01   0.17136025E+02   0.24472434E+01
  0.64565423E+01   0.40000000E+02   0.12480000E+07   0.19073105E+01   0.14147256E+00   0.16829716E+01   0.82821272E+01   0.34046054E+00   0.20088387E-01   0.17133859E+02   0.24807482E+01
  0.69183097E+01   0.40000000E+02   0.78200000E+06   0.18943890E+01   0.14182691E+00   0.23321138E+01   0.83062141E+01   0.34041269E+00   0.20399721E-01   0.17139598E+02   0.25194887E+01
  0.74131024E+01   0.40000000E+02   0.13110000E+07   0.18793401E+01   0.14197893E+00   0.30905819E+01   0.83263133E+01   0.34044985E+00   0.20757775E-01   0.17137245E+02   0.25586984E+01
  0.79432823E+01   0.40000000E+02   0.88400000E+06   0.18630248E+01   0.14195394E+00   0.39120961E+01   0.83401151E+01   0.34045559E+00   0.21149801E-01   0.17137310E+02   0.26046126E+01
  0.85113804E+01   0.40000000E+02   0.13410000E+07   0.18442502E+01   0.14242227E+00   0.48646105E+01   0.83782541E+01   0.34043345E+00   0.21603591E-01   0.17137993E+02   0.26588114E+01
  0.91201084E+01   0.40000000E+02   0.73500000E+06   0.18230494E+01   0.14257891E+00   0.59340775E+01   0.84005627E+01   0.34043960E+00   0.22100276E-01   0.17137681E+02   0.27171340E+01
  0.97723722E+01   0.40000000E+02   0.81700000E+06   0.17994048E+01   0.14279829E+00   0.71316851E+01   0.84346259E+01   0.34043431E+00   0.22704037E-01   0.17136372E+02   0.27875713E+01
  0.10471285E+02   0.40000000E+02   0.82000000E+06   0.17731075E+01   0.14277099E+00   0.84630235E+01   0.84487939E+01   0.34039483E+00   0.23299468E-01   0.17139639E+02   0.28584709E+01
  0.11220185E+02   0.40000000E+02   0.80300000E+06   0.17439940E+01   0.14288394E+00   0.99387257E+01   0.84795907E+01   0.34039463E+00   0.24025096E-01   0.17137683E+02   0.29450181E+01
  0.12022644E+02   0.40000000E+02   0.84500000E+06   0.17111982E+01   0.14253121E+00   0.11583393E+02   0.84871363E+01   0.34043582E+00   0.24776567E-01   0.17138296E+02   0.30344360E+01
  0.12882496E+02   0.40000000E+02   0.95700000E+06   0.16753002E+01   0.14200709E+00   0.13390915E+02   0.84974005E+01   0.34047814E+00   0.25665401E-01   0.17134928E+02   0.31386753E+01
  0.13803843E+02   0.40000000E+02   0.59900000E+06   0.16355258E+01   0.14173805E+00   0.15396115E+02   0.85073693E+01   0.34043708E+00   0.26626663E-01   0.17140840E+02   0.32517454E+01
  0.14791084E+02   0.40000000E+02   0.95600000E+06   0.15925963E+01   0.14102805E+00   0.17574640E+02   0.85007410E+01   0.34046462E+00   0.27700543E-01   0.17134862E+02   0.33784297E+01
  0.15848932E+02   0.40000000E+02   0.81100000E+06   0.15459881E+01   0.14004416E+00   0.19931854E+02   0.84911383E+01   0.34040329E+00   0.28875974E-01   0.17138879E+02   0.35186913E+01
  0.16982437E+02   0.40000000E+02   0.84700000E+06   0.14954360E+01   0.13910992E+00   0.22480710E+02   0.84748902E+01   0.34046256E+00   0.30183391E-01   0.17134762E+02   0.36716607E+01
  0.18197009E+02   0.40000000E+02   0.79500000E+06   0.14408147E+01   0.13739154E+00   0.25244331E+02   0.84200233E+01   0.34043061E+00   0.31611121E-01   0.17135857E+02   0.38422462E+01
  0.19498446E+02   0.40000000E+02   0.72800000E+06   0.13836258E+01   0.13573681E+00   0.28135495E+02   0.83885296E+01   0.34041440E+00   0.33149482E-01   0.17135725E+02   0.40295743E+01
  0.20892961E+02   0.40000000E+02   0.10090000E+07   0.13228716E+01   0.13380726E+00   0.31197607E+02   0.83409005E+01   0.34050765E+00   0.34872947E-01   0.17130860E+02   0.42344534E+01
  0.22387211E+02   0.40000000E+02   0.62500000E+06   0.12593483E+01   0.13163850E+00   0.34398365E+02   0.82600994E+01   0.34043134E+00   0.36762402E-01   0.17137477E+02   0.44631293E+01
  0.23988329E+02   0.40000000E+02   0.68000000E+06   0.11932585E+01   0.12931930E+00   0.37740924E+02   0.81963963E+01   0.34049516E+00   0.38733580E-01   0.17129421E+02   0.46953275E+01
  0.25703958E+02   0.40000000E+02   0.78200000E+06   0.11260300E+01   0.12707559E+00   0.41138942E+02   0.81095316E+01   0.34031271E+00   0.40990433E-01   0.17147831E+02   0.49599355E+01
  0.27542287E+02   0.40000000E+02   0.85600000E+06   0.10573701E+01   0.12428439E+00   0.44602340E+02   0.80045966E+01   0.34041445E+00   0.43333845E-01   0.17140934E+02   0.52438709E+01
  0.29512092E+02   0.40000000E+02   0.84600000E+06   0.98814363E+00   0.12157806E+00   0.48088085E+02   0.78882901E+01   0.34050395E+00   0.45888785E-01   0.17139054E+02   0.55544924E+01
  0.31622777E+02   0.40000000E+02   0.91300000E+06   0.91866663E+00   0.11885965E+00   0.51605604E+02   0.77804564E+01   0.34052972E+00   0.48782810E-01   0.17129771E+02   0.58906175E+01
  0.33884416E+02   0.40000000E+02   0.82300000E+06   0.85032144E+00   0.11605933E+00   0.55054952E+02   0.76644019E+01   0.34043787E+00   0.51770965E-01   0.17134865E+02   0.62532372E+01
  0.36307805E+02   0.40000000E+02   0.84900000E+06   0.78322895E+00   0.11325838E+00   0.58440860E+02   0.75470198E+01   0.34044639E+00   0.54992696E-01   0.17140984E+02   0.66385034E+01
  0.38904514E+02   0.40000000E+02   0.73500000E+06   0.71794234E+00   0.11041523E+00   0.61735193E+02   0.74233499E+01   0.34037112E+00   0.58577888E-01   0.17153444E+02   0.70663170E+01
  0.41686938E+02   0.40000000E+02   0.68900000E+06   0.65516542E+00   0.10730157E+00   0.64916445E+02   0.72763537E+01   0.34024458E+00   0.62425986E-01   0.17153766E+02   0.75288225E+01
  0.44668359E+02   0.40000000E+02   0.85300000E+06   0.59589752E+00   0.10427002E+00   0.67902378E+02   0.71457266E+01   0.34042648E+00   0.66406821E-01   0.17139093E+02   0.80166922E+01
  0.47863009E+02   0.40000000E+02   0.70200000E+06   0.53954700E+00   0.10143816E+00   0.70759373E+02   0.70087384E+01   0.34044775E+00   0.70983990E-01   0.17133776E+02   0.85656236E+01
  0.51286138E+02   0.40000000E+02   0.89700000E+06   0.48651981E+00   0.98059618E-01   0.73433895E+02   0.68558126E+01   0.34032389E+00   0.75809444E-01   0.17138449E+02   0.91326366E+01
  0.54954087E+02   0.40000000E+02   0.84500000E+06   0.43749560E+00   0.94700357E-01   0.75909783E+02   0.66999399E+01   0.34046603E+00   0.80800997E-01   0.17143897E+02   0.97390994E+01
  0.58884366E+02   0.40000000E+02   0.73400000E+06   0.39194243E+00   0.91250709E-01   0.78207251E+02   0.65413397E+01   0.34047177E+00   0.86215621E-01   0.17133837E+02   0.10401112E+02
  0.63095734E+02   0.40000000E+02   0.82900000E+06   0.35005906E+00   0.87844176E-01   0.80323717E+02   0.63879576E+01   0.34038348E+00   0.92217875E-01   0.17141257E+02   0.11110776E+02
  0.67608298E+02   0.40000000E+02   0.11260000E+07   0.31186571E+00   0.84189442E-01   0.82252412E+02   0.62305716E+01   0.34046481E+00   0.98519346E-01   0.17127888E+02   0.11874480E+02
  0.72443596E+02   0.40000000E+02   0.90100000E+06   0.27698211E+00   0.80552089E-01   0.84011792E+02   0.60788020E+01   0.34033909E+00   0.10537692E+00   0.17143509E+02   0.12691141E+02
  0.77624712E+02   0.40000000E+02   0.89200000E+06   0.24568397E+00   0.77015413E-01   0.85593191E+02   0.59233693E+01   0.34049020E+00   0.11289534E+00   0.17126926E+02   0.13590370E+02
  0.83176377E+02   0.40000000E+02   0.10290000E+07   0.21734576E+00   0.73317777E-01   0.87019986E+02   0.57814552E+01   0.34040872E+00   0.12064356E+00   0.17157359E+02   0.14520901E+02
  0.89125094E+02   0.40000000E+02   0.10060000E+07   0.19194392E+00   0.69745845E-01   0.88314846E+02   0.56347345E+01   0.34042691E+00   0.12910486E+00   0.17126930E+02   0.15543492E+02
  0.95499259E+02   0.40000000E+02   0.76100000E+06   0.16923647E+00   0.66069469E-01   0.89452315E+02   0.54983849E+01   0.34044758E+00   0.13793238E+00   0.17124425E+02   0.16612643E+02
  0.10232930E+03   0.40000000E+02   0.86000000E+06   0.14895559E+00   0.62658485E-01   0.90475365E+02   0.53626665E+01   0.34036167E+00   0.14785416E+00   0.17150655E+02   0.17801263E+02
  0.10964782E+03   0.40000000E+02   0.11860000E+07   0.13103106E+00   0.59229645E-01   0.91383913E+02   0.52338071E+01   0.34032718E+00   0.15805040E+00   0.17148608E+02   0.19023353E+02
  0.11748976E+03   0.40000000E+02   0.12030000E+07   0.11511619E+00   0.55947002E-01   0.92184143E+02   0.51218985E+01   0.34059874E+00   0.16941348E+00   0.17122254E+02   0.20387307E+02
  0.12589254E+03   0.40000000E+02   0.88100000E+06   0.10099395E+00   0.52776488E-01   0.92898095E+02   0.50221390E+01   0.34051073E+00   0.18140810E+00   0.17125791E+02   0.21830265E+02
  0.13489629E+03   0.40000000E+02   0.89300000E+06   0.88526557E-01   0.49658525E-01   0.93533550E+02   0.49238807E+01   0.34061173E+00   0.19423407E+00   0.17098860E+02   0.23375658E+02
  0.14454398E+03   0.40000000E+02   0.10380000E+07   0.77537476E-01   0.46739278E-01   0.94088596E+02   0.48233053E+01   0.34052825E+00   0.20789389E+00   0.17112824E+02   0.25057026E+02
  0.15488166E+03   0.40000000E+02   0.11940000E+07   0.67830278E-01   0.43966568E-01   0.94573178E+02   0.47368770E+01   0.34031413E+00   0.22278893E+00   0.17126386E+02   0.26835841E+02
  0.16595869E+03   0.40000000E+02   0.97700000E+06   0.59361992E-01   0.41298347E-01   0.95000918E+02   0.46725654E+01   0.34073140E+00   0.23894966E+00   0.17126344E+02   0.28763163E+02
  0.17782794E+03   0.40000000E+02   0.13210000E+07   0.51847971E-01   0.38763671E-01   0.95375912E+02   0.45993895E+01   0.34020252E+00   0.25579188E+00   0.17164814E+02   0.30774197E+02
  0.19054607E+03   0.40000000E+02   0.16250000E+07   0.45322043E-01   0.36340737E-01   0.95707844E+02   0.45411434E+01   0.34041524E+00   0.27409636E+00   0.17174664E+02   0.32950096E+02
  0.20417379E+03   0.40000000E+02   0.10400000E+07   0.39594209E-01   0.34043484E-01   0.96001718E+02   0.44826823E+01   0.34050967E+00   0.29346177E+00   0.17145197E+02   0.35337355E+02
  0.21877616E+03   0.40000000E+02   0.12300000E+07   0.34555255E-01   0.31900449E-01   0.96255797E+02   0.44300009E+01   0.34025053E+00   0.31438559E+00   0.17158506E+02   0.37831392E+02
  0.23442288E+03   0.40000000E+02   0.11650000E+07   0.30202599E-01   0.29855406E-01   0.96476079E+02   0.43885877E+01   0.34068447E+00   0.33669595E+00   0.17128899E+02   0.40514398E+02
  0.25118864E+03   0.40000000E+02   0.12010000E+07   0.26383898E-01   0.27913154E-01   0.96664631E+02   0.43517690E+01   0.34100995E+00   0.36042959E+00   0.17090898E+02   0.43399079E+02
  0.26915348E+03   0.40000000E+02   0.15350000E+07   0.23019020E-01   0.26125054E-01   0.96841885E+02   0.43110487E+01   0.34099608E+00   0.38609740E+00   0.17066432E+02   0.46470941E+02
  0.28840315E+03   0.40000000E+02   0.15810000E+07   0.20064686E-01   0.24432773E-01   0.96987952E+02   0.42845965E+01   0.34085933E+00   0.41371869E+00   0.17113295E+02   0.49837122E+02
  0.30902954E+03   0.40000000E+02   0.13660000E+07   0.17482408E-01   0.22863127E-01   0.97119885E+02   0.42565436E+01   0.34057734E+00   0.44363620E+00   0.17134024E+02   0.53442296E+02
  0.33113112E+03   0.40000000E+02   0.12520000E+07   0.15239001E-01   0.21355606E-01   0.97233148E+02   0.42357524E+01   0.34052786E+00   0.47486506E+00   0.17112250E+02   0.57200929E+02
  0.35481339E+03   0.40000000E+02   0.11550000E+07   0.13280137E-01   0.19961766E-01   0.97330673E+02   0.42093557E+01   0.34027587E+00   0.50888579E+00   0.17163559E+02   0.61281631E+02
  0.38018940E+03   0.40000000E+02   0.18500000E+07   0.11592033E-01   0.18664287E-01   0.97418219E+02   0.41920239E+01   0.34073235E+00   0.54566111E+00   0.17139232E+02   0.65621282E+02
  0.40738028E+03   0.40000000E+02   0.14850000E+07   0.10098603E-01   0.17447803E-01   0.97490450E+02   0.41765613E+01   0.34062931E+00   0.58498380E+00   0.17099120E+02   0.70319650E+02
  0.43651583E+03   0.40000000E+02   0.18290000E+07   0.87897171E-02   0.16292306E-01   0.97557072E+02   0.41599056E+01   0.34001965E+00   0.62628087E+00   0.17215675E+02   0.75346638E+02
  0.46773514E+03   0.40000000E+02   0.11040000E+07   0.76420178E-02   0.15206262E-01   0.97605082E+02   0.41517062E+01   0.33943788E+00   0.67066354E+00   0.17268251E+02   0.80726593E+02
  0.50118723E+03   0.40000000E+02   0.20280000E+07   0.66859060E-02   0.14210704E-01   0.97663844E+02   0.41362737E+01   0.34074341E+00   0.71877504E+00   0.17096395E+02   0.86499417E+02
  0.53703180E+03   0.40000000E+02   0.14370000E+07   0.58203034E-02   0.13269286E-01   0.97707774E+02   0.41269471E+01   0.34058873E+00   0.77031810E+00   0.17139762E+02   0.92746376E+02
  0.57543994E+03   0.40000000E+02   0.15680000E+07   0.50737499E-02   0.12390832E-01   0.97746902E+02   0.41210143E+01   0.34043381E+00   0.82537155E+00   0.17089024E+02   0.99318108E+02
  0.61659500E+03   0.40000000E+02   0.19130000E+07   0.44098828E-02   0.11569520E-01   0.97776671E+02   0.41145299E+01   0.33973741E+00   0.88426589E+00   0.17122520E+02   0.10644466E+03
  0.66069345E+03   0.40000000E+02   0.16650000E+07   0.38522226E-02   0.10794600E-01   0.97805789E+02   0.41062580E+01   0.34066719E+00   0.94710396E+00   0.17064260E+02   0.11393595E+03
  0.70794578E+03   0.40000000E+02   0.15620000E+07   0.33550724E-02   0.10081428E-01   0.97831128E+02   0.41020005E+01   0.34065374E+00   0.10153119E+01   0.17092189E+02   0.12220839E+03
  0.75857758E+03   0.40000000E+02   0.19950000E+07   0.29222903E-02   0.94198002E-02   0.97849135E+02   0.40999252E+01   0.34073190E+00   0.10889347E+01   0.17103291E+02   0.13104807E+03
  0.81283052E+03   0.40000000E+02   0.19700000E+07   0.25468318E-02   0.87820528E-02   0.97870995E+02   0.40932273E+01   0.34034000E+00   0.11650550E+01   0.17181858E+02   0.14025872E+03
  0.87096359E+03   0.40000000E+02   0.22140000E+07   0.22146186E-02   0.81975407E-02   0.97891113E+02   0.40856950E+01   0.34030634E+00   0.12482774E+01   0.17169080E+02   0.15026457E+03
  0.93325430E+03   0.40000000E+02   0.19030000E+07   0.19347170E-02   0.76581979E-02   0.97903477E+02   0.40889663E+01   0.34120375E+00   0.13385315E+01   0.16965835E+02   0.16111307E+03
  0.10000000E+04   0.40000000E+02   0.12740000E+07   0.16703659E-02   0.71399999E-02   0.97918793E+02   0.40842509E+01   0.33800162E+00   0.14326095E+01   0.17499843E+02   0.17247461E+03
