  0.10000000E+01   0.30000000E+02   0.66700000E+06   0.19977380E+01   0.10410747E+00  -0.28783462E+01   0.60581611E+01   0.39585213E+00   0.16979291E-01   0.11703524E+02   0.20469798E+01
  0.10715193E+01   0.30000000E+02   0.64900000E+06   0.19973126E+01   0.10402582E+00  -0.28615140E+01   0.60581249E+01   0.39588047E+00   0.16951380E-01   0.11702554E+02   0.20470821E+01
  0.11481536E+01   0.30000000E+02   0.77300000E+06   0.19969225E+01   0.10419270E+00  -0.28474051E+01   0.60605939E+01   0.39584734E+00   0.16975057E-01   0.11708071E+02   0.20467030E+01
  0.12302688E+01   0.30000000E+02   0.74800000E+06   0.19965156E+01   0.10414412E+00  -0.28208821E+01   0.60571362E+01   0.39586000E+00   0.16982545E-01   0.11704546E+02   0.20480063E+01
  0.13182567E+01   0.30000000E+02   0.55800000E+06   0.19961917E+01   0.10402420E+00  -0.28126252E+01   0.60570690E+01   0.39582523E+00   0.17029946E-01   0.11711022E+02   0.20530142E+01
  0.14125375E+01   0.30000000E+02   0.50400000E+06   0.19953820E+01   0.10422622E+00  -0.27582952E+01   0.60632955E+01   0.39584405E+00   0.17029610E-01   0.11704084E+02   0.20522203E+01
  0.15135612E+01   0.30000000E+02   0.62500000E+06   0.19945024E+01   0.10440989E+00  -0.27225232E+01   0.60808422E+01   0.39588486E+00   0.17081568E-01   0.11703290E+02   0.20604654E+01
  0.16218101E+01   0.30000000E+02   0.57900000E+06   0.19938612E+01   0.10441066E+00  -0.26905978E+01   0.60735341E+01   0.39587002E+00   0.17074922E-01   0.11704889E+02   0.20602339E+01
  0.17378008E+01   0.30000000E+02   0.56800000E+06   0.19930329E+01   0.10443873E+00  -0.26464831E+01   0.60724256E+01   0.39586513E+00   0.17124796E-01   0.11704576E+02   0.20608174E+01
  0.18620871E+01   0.30000000E+02   0.56800000E+06   0.19919371E+01   0.10469248E+00  -0.25944591E+01   0.60913482E+01   0.39587262E+00   0.17185220E-01   0.11705006E+02   0.20701714E+01
  0.19952623E+01   0.30000000E+02   0.53000000E+06   0.19906134E+01   0.10466305E+00  -0.25249505E+01   0.60913290E+01   0.39588306E+00   0.17197164E-01   0.11703120E+02   0.20716709E+01
  0.21379621E+01   0.30000000E+02   0.57800000E+06   0.19894152E+01   0.10449483E+00  -0.24670075E+01   0.60797700E+01   0.39587368E+00   0.17204660E-01   0.11704947E+02   0.20733822E+01
  0.22908677E+01   0.30000000E+02   0.78200000E+06   0.19877842E+01   0.10490467E+00  -0.23818672E+01   0.61040072E+01   0.39587924E+00   0.17256748E-01   0.11703412E+02   0.20789887E+01
  0.24547089E+01   0.30000000E+02   0.36800000E+06   0.19857918E+01   0.10508389E+00  -0.22848345E+01   0.61133026E+01   0.39589976E+00   0.17338121E-01   0.11702780E+02   0.20861478E+01
  0.26302680E+01   0.30000000E+02   0.37000000E+06   0.19839893E+01   0.10515692E+00  -0.21932846E+01   0.61193092E+01   0.39582258E+00   0.17366008E-01   0.11710192E+02   0.20914198E+01
  0.28183829E+01   0.30000000E+02   0.76100000E+06   0.19818372E+01   0.10533087E+00  -0.20867404E+01   0.61385408E+01   0.39584691E+00   0.17466405E-01   0.11708601E+02   0.21052756E+01
  0.30199517E+01   0.30000000E+02   0.59800000E+06   0.19792612E+01   0.10542183E+00  -0.19535956E+01   0.61400888E+01   0.39585326E+00   0.17505497E-01   0.11706758E+02   0.21094142E+01
  0.32359366E+01   0.30000000E+02   0.68500000E+06   0.19759012E+01   0.10559125E+00  -0.17835022E+01   0.61539165E+01   0.39585687E+00   0.17624900E-01   0.11706277E+02   0.21228355E+01
  0.34673685E+01   0.30000000E+02   0.46700000E+06   0.19723219E+01   0.10581781E+00  -0.16060034E+01   0.61594668E+01   0.39589551E+00   0.17748727E-01   0.11704031E+02   0.21321114E+01
  0.37153523E+01   0.30000000E+02   0.85400000E+06   0.19683457E+01   0.10608608E+00  -0.13972562E+01   0.61825246E+01   0.39586859E+00   0.17829582E-01   0.11703277E+02   0.21448214E+01
  0.39810717E+01   0.30000000E+02   0.41600000E+06   0.19635741E+01   0.10621963E+00  -0.11586723E+01   0.61968846E+01   0.39586638E+00   0.17969016E-01   0.11704140E+02   0.21629741E+01
  0.42657952E+01   0.30000000E+02   0.48000000E+06   0.19584441E+01   0.10688779E+00  -0.90180435E+00   0.62313032E+01   0.39587851E+00   0.18155449E-01   0.11704020E+02   0.21820185E+01
  0.45708819E+01   0.30000000E+02   0.66300000E+06   0.19523853E+01   0.10700346E+00  -0.58877474E+00   0.62432118E+01   0.39589840E+00   0.18341403E-01   0.11699280E+02   0.22022124E+01
  0.48977882E+01   0.30000000E+02   0.47200000E+06   0.19456274E+01   0.10741140E+00  -0.25746279E+00   0.62785553E+01   0.39587550E+00   0.18485262E-01   0.11705529E+02   0.22237376E+01
  0.52480746E+01   0.30000000E+02   0.13070000E+07   0.19379018E+01   0.10786304E+00   0.13778036E+00   0.63008591E+01   0.39585957E+00   0.18746248E-01   0.11704939E+02   0.22506161E+01
  0.56234133E+01   0.30000000E+02   0.83600000E+06   0.19291507E+01   0.10829868E+00   0.58422271E+00   0.63289655E+01   0.39584139E+00   0.18974138E-01   0.11705105E+02   0.22759831E+01
  0.60255959E+01   0.30000000E+02   0.79100000E+06   0.19188570E+01   0.10879181E+00   0.11006458E+01   0.63682882E+01   0.39583504E+00   0.19274743E-01   0.11706798E+02   0.23117093E+01
  0.64565423E+01   0.30000000E+02   0.10340000E+07   0.19073346E+01   0.10947374E+00   0.16807762E+01   0.64057711E+01   0.39584434E+00   0.19637990E-01   0.11706771E+02   0.23528586E+01
  0.69183097E+01   0.30000000E+02   0.92600000E+06   0.18943352E+01   0.11018636E+00   0.23423655E+01   0.64607014E+01   0.39587154E+00   0.20015311E-01   0.11701801E+02   0.23971591E+01
  0.74131024E+01   0.30000000E+02   0.11070000E+07   0.18797374E+01   0.11064943E+00   0.30729973E+01   0.64953706E+01   0.39586583E+00   0.20405290E-01   0.11705345E+02   0.24407810E+01
  0.79432823E+01   0.30000000E+02   0.76800000E+06   0.18630502E+01   0.11146512E+00   0.39183265E+01   0.65548466E+01   0.39587960E+00   0.20894416E-01   0.11702564E+02   0.24999676E+01
  0.85113804E+01   0.30000000E+02   0.95500000E+06   0.18441428E+01   0.11194240E+00   0.48731773E+01   0.65890075E+01   0.39590392E+00   0.21416706E-01   0.11700293E+02   0.25582546E+01
  0.91201084E+01   0.30000000E+02   0.89000000E+06   0.18230688E+01   0.11250607E+00   0.59348404E+01   0.66340338E+01   0.39585938E+00   0.21981838E-01   0.11705801E+02   0.26241532E+01
  0.97723722E+01   0.30000000E+02   0.74100000E+06   0.17993583E+01   0.11316867E+00   0.71288701E+01   0.66892642E+01   0.39589266E+00   0.22677342E-01   0.11704060E+02   0.27035009E+01
  0.10471285E+02   0.30000000E+02   0.57200000E+06   0.17730589E+01   0.11359147E+00   0.84570847E+01   0.67366176E+01   0.39589561E+00   0.23358634E-01   0.11704368E+02   0.27848587E+01
  0.11220185E+02   0.30000000E+02   0.10700000E+07   0.17437936E+01   0.11412333E+00   0.99320309E+01   0.67829271E+01   0.39587258E+00   0.24194337E-01   0.11707067E+02   0.28796713E+01
  0.12022644E+02   0.30000000E+02   0.62600000E+06   0.17111888E+01   0.11443050E+00   0.11585174E+02   0.68338488E+01   0.39587325E+00   0.25090360E-01   0.11705057E+02   0.29861115E+01
  0.12882496E+02   0.30000000E+02   0.84000000E+06   0.16752293E+01   0.11476138E+00   0.13400402E+02   0.68734711E+01   0.39588134E+00   0.26093489E-01   0.11703788E+02   0.31001344E+01
  0.13803843E+02   0.30000000E+02   0.61600000E+06   0.16356214E+01   0.11488191E+00   0.15401167E+02   0.69114847E+01   0.39587714E+00   0.27192982E-01   0.11703537E+02   0.32303021E+01
  0.14791084E+02   0.30000000E+02   0.78100000E+06   0.15927197E+01   0.11469869E+00   0.17572480E+02   0.69357601E+01   0.39584779E+00   0.28405377E-01   0.11704975E+02   0.33678393E+01
  0.15848932E+02   0.30000000E+02   0.10060000E+07   0.15459595E+01   0.11468674E+00   0.19935947E+02   0.69683936E+01   0.39581335E+00   0.29757351E-01   0.11707199E+02   0.35268732E+01
  0.16982437E+02   0.30000000E+02   0.90300000E+06   0.14953534E+01   0.11384178E+00   0.22483148E+02   0.69636147E+01   0.39587231E+00   0.31158763E-01   0.11706131E+02   0.36912116E+01
  0.18197009E+02   0.30000000E+02   0.84300000E+06   0.14413544E+01   0.11295838E+00   0.25207556E+02   0.69658852E+01   0.39590164E+00   0.32779498E-01   0.11702253E+02   0.38794346E+01
  0.19498446E+02   0.30000000E+02   0.78800000E+06   0.13834767E+01   0.11219183E+00   0.28128342E+02   0.69579277E+01   0.39591437E+00   0.34508812E-01   0.11703397E+02   0.40810301E+01
  0.20892961E+02   0.30000000E+02   0.97500000E+06   0.13230081E+01   0.11096856E+00   0.31187883E+02   0.69355823E+01   0.39590024E+00   0.36414994E-01   0.11703070E+02   0.43026126E+01
  0.22387211E+02   0.30000000E+02   0.89100000E+06   0.12597089E+01   0.10962386E+00   0.34386762E+02   0.69039164E+01   0.39585531E+00   0.38460976E-01   0.11705223E+02   0.45409799E+01
  0.23988329E+02   0.30000000E+02   0.85900000E+06   0.11937933E+01   0.10822921E+00   0.37714937E+02   0.68636597E+01   0.39589526E+00   0.40728671E-01   0.11701822E+02   0.48053110E+01
  0.25703958E+02   0.30000000E+02   0.10740000E+07   0.11257273E+01   0.10639074E+00   0.41157807E+02   0.68046729E+01   0.39583371E+00   0.43139654E-01   0.11703653E+02   0.50896011E+01
  0.27542287E+02   0.30000000E+02   0.10750000E+07   0.10572080E+01   0.10465410E+00   0.44614566E+02   0.67516582E+01   0.39600654E+00   0.45807415E-01   0.11690721E+02   0.53993601E+01
  0.29512092E+02   0.30000000E+02   0.95500000E+06   0.98778211E+00   0.10288575E+00   0.48110421E+02   0.66802316E+01   0.39582172E+00   0.48653351E-01   0.11713134E+02   0.57413904E+01
  0.31622777E+02   0.30000000E+02   0.90900000E+06   0.91832033E+00   0.10119056E+00   0.51627507E+02   0.66180152E+01   0.39591224E+00   0.51649153E-01   0.11697735E+02   0.60840579E+01
  0.33884416E+02   0.30000000E+02   0.96900000E+06   0.85004962E+00   0.99430855E-01   0.55071305E+02   0.65319023E+01   0.39576776E+00   0.55041203E-01   0.11715753E+02   0.64813488E+01
  0.36307805E+02   0.30000000E+02   0.60200000E+06   0.78339054E+00   0.97472418E-01   0.58436041E+02   0.64419578E+01   0.39584116E+00   0.58559568E-01   0.11711833E+02   0.68974738E+01
  0.38904514E+02   0.30000000E+02   0.87400000E+06   0.71826683E+00   0.95641944E-01   0.61719226E+02   0.63418051E+01   0.39603800E+00   0.62408210E-01   0.11697724E+02   0.73450981E+01
  0.41686938E+02   0.30000000E+02   0.52700000E+06   0.65547212E+00   0.93510256E-01   0.64897433E+02   0.62338290E+01   0.39597336E+00   0.66615251E-01   0.11695525E+02   0.78364606E+01
  0.44668359E+02   0.30000000E+02   0.11160000E+07   0.59596864E+00   0.91399129E-01   0.67903159E+02   0.61259430E+01   0.39591059E+00   0.71058646E-01   0.11698596E+02   0.83586758E+01
  0.47863009E+02   0.30000000E+02   0.96300000E+06   0.53956260E+00   0.89249453E-01   0.70745330E+02   0.60105000E+01   0.39587776E+00   0.75804163E-01   0.11712949E+02   0.89119590E+01
  0.51286138E+02   0.30000000E+02   0.55500000E+06   0.48640065E+00   0.86740426E-01   0.73435809E+02   0.58835165E+01   0.39567355E+00   0.80958568E-01   0.11725601E+02   0.95251160E+01
  0.54954087E+02   0.30000000E+02   0.57100000E+06   0.43718351E+00   0.84261768E-01   0.75920716E+02   0.57540376E+01   0.39563672E+00   0.86644559E-01   0.11726568E+02   0.10180734E+02
  0.58884366E+02   0.30000000E+02   0.10420000E+07   0.39192258E+00   0.81608727E-01   0.78207022E+02   0.56175460E+01   0.39583263E+00   0.92522994E-01   0.11707713E+02   0.10881084E+02
  0.63095734E+02   0.30000000E+02   0.91300000E+06   0.34998337E+00   0.78914420E-01   0.80330659E+02   0.54721667E+01   0.39581254E+00   0.98988131E-01   0.11700702E+02   0.11647287E+02
  0.67608298E+02   0.30000000E+02   0.95800000E+06   0.31181863E+00   0.75818810E-01   0.82251977E+02   0.53281229E+01   0.39579999E+00   0.10579023E+00   0.11718650E+02   0.12433498E+02
  0.72443596E+02   0.30000000E+02   0.10540000E+07   0.27714917E+00   0.72865169E-01   0.84006301E+02   0.51793405E+01   0.39591601E+00   0.11312602E+00   0.11703225E+02   0.13304193E+02
  0.77624712E+02   0.30000000E+02   0.99100000E+06   0.24566674E+00   0.69832145E-01   0.85598276E+02   0.50317651E+01   0.39586558E+00   0.12108556E+00   0.11697872E+02   0.14236876E+02
  0.83176377E+02   0.30000000E+02   0.98300000E+06   0.21736552E+00   0.66638839E-01   0.87021270E+02   0.48865275E+01   0.39588890E+00   0.12951039E+00   0.11699457E+02   0.15228161E+02
  0.89125094E+02   0.30000000E+02   0.88400000E+06   0.19189749E+00   0.63495708E-01   0.88309554E+02   0.47478934E+01   0.39578126E+00   0.13865383E+00   0.11708827E+02   0.16294833E+02
  0.95499259E+02   0.30000000E+02   0.11820000E+07   0.16925747E+00   0.60440428E-01   0.89450923E+02   0.46105936E+01   0.39593776E+00   0.14862927E+00   0.11699974E+02   0.17460478E+02
  0.10232930E+03   0.30000000E+02   0.63400000E+06   0.14897335E+00   0.57376932E-01   0.90477225E+02   0.44818609E+01   0.39574168E+00   0.15901530E+00   0.11736418E+02   0.18682336E+02
  0.10964782E+03   0.30000000E+02   0.13230000E+07   0.13099239E+00   0.54343449E-01   0.91387835E+02   0.43560238E+01   0.39580975E+00   0.17028052E+00   0.11699763E+02   0.20005249E+02
  0.11748976E+03   0.30000000E+02   0.11000000E+07   0.11504513E+00   0.51323579E-01   0.92188253E+02   0.42354506E+01   0.39586302E+00   0.18219311E+00   0.11704486E+02   0.21419346E+02
  0.12589254E+03   0.30000000E+02   0.99000000E+06   0.10102914E+00   0.48469286E-01   0.92898250E+02   0.41202412E+01   0.39605124E+00   0.19502676E+00   0.11689200E+02   0.22909235E+02
  0.13489629E+03   0.30000000E+02   0.71300000E+06   0.88399797E-01   0.45695850E-01   0.93539348E+02   0.40132088E+01   0.39532811E+00   0.20881072E+00   0.11753366E+02   0.24526376E+02
  0.14454398E+03   0.30000000E+02   0.10120000E+07   0.77548923E-01   0.43047771E-01   0.94079540E+02   0.39196408E+01   0.39610424E+00   0.22387053E+00   0.11683350E+02   0.26300333E+02
  0.15488166E+03   0.30000000E+02   0.11090000E+07   0.67876426E-01   0.40503280E-01   0.94570213E+02   0.38378454E+01   0.39602743E+00   0.23976061E+00   0.11686945E+02   0.28159989E+02
  0.16595869E+03   0.30000000E+02   0.10440000E+07   0.59366191E-01   0.38048360E-01   0.95006201E+02   0.37522535E+01   0.39602861E+00   0.25682621E+00   0.11659149E+02   0.30185867E+02
  0.17782794E+03   0.30000000E+02   0.12510000E+07   0.51878098E-01   0.35731421E-01   0.95381011E+02   0.36747410E+01   0.39579230E+00   0.27500635E+00   0.11690144E+02   0.32344371E+02
  0.19054607E+03   0.30000000E+02   0.90800000E+06   0.45357810E-01   0.33557380E-01   0.95712246E+02   0.36051041E+01   0.39616226E+00   0.29500929E+00   0.11653331E+02   0.34691839E+02
  0.20417379E+03   0.30000000E+02   0.13240000E+07   0.39587029E-01   0.31496574E-01   0.95996528E+02   0.35502362E+01   0.39591455E+00   0.31632041E+00   0.11723762E+02   0.37170479E+02
  0.21877616E+03   0.30000000E+02   0.15030000E+07   0.34570333E-01   0.29473988E-01   0.96248410E+02   0.34954653E+01   0.39571211E+00   0.33838168E+00   0.11742235E+02   0.39727690E+02
  0.23442288E+03   0.30000000E+02   0.12760000E+07   0.30151748E-01   0.27616232E-01   0.96479551E+02   0.34446440E+01   0.39575854E+00   0.36291216E+00   0.11753639E+02   0.42615340E+02
  0.25118864E+03   0.30000000E+02   0.13470000E+07   0.26348874E-01   0.25844178E-01   0.96669021E+02   0.33988343E+01   0.39611352E+00   0.38841930E+00   0.11683883E+02   0.45635270E+02
  0.26915348E+03   0.30000000E+02   0.16450000E+07   0.22977734E-01   0.24198374E-01   0.96841080E+02   0.33617449E+01   0.39589369E+00   0.41632804E+00   0.11725723E+02   0.48913892E+02
  0.28840315E+03   0.30000000E+02   0.11940000E+07   0.20077124E-01   0.22599267E-01   0.96983531E+02   0.33267621E+01   0.39656584E+00   0.44548554E+00   0.11642094E+02   0.52356928E+02
  0.30902954E+03   0.30000000E+02   0.11260000E+07   0.17512495E-01   0.21154840E-01   0.97119157E+02   0.32936643E+01   0.39647174E+00   0.47738252E+00   0.11641718E+02   0.56068389E+02
  0.33113112E+03   0.30000000E+02   0.12360000E+07   0.15234865E-01   0.19750009E-01   0.97231235E+02   0.32671134E+01   0.39589153E+00   0.51100391E+00   0.11687600E+02   0.60114945E+02
  0.35481339E+03   0.30000000E+02   0.17040000E+07   0.13315967E-01   0.18491223E-01   0.97330398E+02   0.32431059E+01   0.39674903E+00   0.54825140E+00   0.11641172E+02   0.64471124E+02
  0.38018940E+03   0.30000000E+02   0.13940000E+07   0.11582753E-01   0.17268145E-01   0.97417274E+02   0.32236825E+01   0.39614519E+00   0.58724708E+00   0.11635892E+02   0.69042630E+02
  0.40738028E+03   0.30000000E+02   0.16260000E+07   0.10089361E-01   0.16146834E-01   0.97491275E+02   0.32023777E+01   0.39562241E+00   0.62935955E+00   0.11765064E+02   0.73996838E+02
  0.43651583E+03   0.30000000E+02   0.17880000E+07   0.88050265E-02   0.15084217E-01   0.97556463E+02   0.31873438E+01   0.39611749E+00   0.67453637E+00   0.11702993E+02   0.79197332E+02
  0.46773514E+03   0.30000000E+02   0.15850000E+07   0.76641836E-02   0.14099329E-01   0.97614461E+02   0.31727251E+01   0.39586147E+00   0.72314532E+00   0.11697433E+02   0.84885868E+02
  0.50118723E+03   0.30000000E+02   0.15300000E+07   0.66806492E-02   0.13169629E-01   0.97663830E+02   0.31584468E+01   0.39570816E+00   0.77465173E+00   0.11763170E+02   0.90983622E+02
  0.53703180E+03   0.30000000E+02   0.13420000E+07   0.57994379E-02   0.12288604E-01   0.97701945E+02   0.31497775E+01   0.39449952E+00   0.82936198E+00   0.11905803E+02   0.97467645E+02
  0.57543994E+03   0.30000000E+02   0.13930000E+07   0.50817984E-02   0.11474992E-01   0.97744965E+02   0.31370901E+01   0.39677246E+00   0.88851738E+00   0.11561177E+02   0.10441064E+03
  0.61659500E+03   0.30000000E+02   0.14660000E+07   0.44147334E-02   0.10722117E-01   0.97778742E+02   0.31291930E+01   0.39563553E+00   0.95247949E+00   0.11773350E+02   0.11193016E+03
  0.66069345E+03   0.30000000E+02   0.14080000E+07   0.38557901E-02   0.10008063E-01   0.97807271E+02   0.31235791E+01   0.39638834E+00   0.10207364E+01   0.11600787E+02   0.11989642E+03
  0.70794578E+03   0.30000000E+02   0.19920000E+07   0.33422726E-02   0.93452065E-02   0.97830525E+02   0.31171976E+01   0.39448722E+00   0.10936251E+01   0.11741444E+02   0.12848175E+03
  0.75857758E+03   0.30000000E+02   0.18070000E+07   0.29215295E-02   0.87188591E-02   0.97853025E+02   0.31113683E+01   0.39584038E+00   0.11712853E+01   0.11646999E+02   0.13765454E+03
  0.81283052E+03   0.30000000E+02   0.15080000E+07   0.25444389E-02   0.81418959E-02   0.97871499E+02   0.31049015E+01   0.39588571E+00   0.12554083E+01   0.11688955E+02   0.14746621E+03
  0.87096359E+03   0.30000000E+02   0.17800000E+07   0.22225331E-02   0.76061854E-02   0.97886407E+02   0.31035104E+01   0.39705967E+00   0.13463299E+01   0.11587063E+02   0.15824909E+03
  0.93325430E+03   0.30000000E+02   0.23290000E+07   0.19335033E-02   0.70927976E-02   0.97900790E+02   0.30997545E+01   0.39612474E+00   0.14410970E+01   0.11723027E+02   0.16931448E+03
  0.10000000E+04   0.30000000E+02   0.19210000E+07   0.16788990E-02   0.66242438E-02   0.97916897E+02   0.30916151E+01   0.39524060E+00   0.15447249E+01   0.11705113E+02   0.18153077E+03
