  0.10000000E+01   0.10000000E+03   0.66700000E+06   0.19978818E+01   0.34631523E+00  -0.28693596E+01   0.20151641E+02   0.12640744E+00   0.17533839E-01   0.38109109E+02   0.21414531E+01
  0.10715193E+01   0.10000000E+03   0.70200000E+06   0.19971771E+01   0.34590601E+00  -0.28470016E+01   0.20141144E+02   0.12643123E+00   0.17569494E-01   0.38108534E+02   0.21459404E+01
  0.11481536E+01   0.10000000E+03   0.16100000E+06   0.19969817E+01   0.34684741E+00  -0.28607564E+01   0.20164994E+02   0.12639281E+00   0.17597621E-01   0.38115513E+02   0.21464543E+01
  0.12302688E+01   0.10000000E+03   0.69000000E+06   0.19966388E+01   0.34651645E+00  -0.28362350E+01   0.20154339E+02   0.12638622E+00   0.17583412E-01   0.38114844E+02   0.21467823E+01
  0.13182567E+01   0.10000000E+03   0.62600000E+06   0.19960508E+01   0.34576679E+00  -0.27952815E+01   0.20117154E+02   0.12642876E+00   0.17587715E-01   0.38109362E+02   0.21494958E+01
  0.14125375E+01   0.10000000E+03   0.60900000E+06   0.19961084E+01   0.34556162E+00  -0.28126600E+01   0.20121415E+02   0.12642179E+00   0.17574784E-01   0.38111807E+02   0.21470819E+01
  0.15135612E+01   0.10000000E+03   0.91800000E+06   0.19942399E+01   0.34628463E+00  -0.26956862E+01   0.20155668E+02   0.12639385E+00   0.17584838E-01   0.38111894E+02   0.21502471E+01
  0.16218101E+01   0.10000000E+03   0.77000000E+06   0.19936893E+01   0.34612794E+00  -0.26831341E+01   0.20142211E+02   0.12641245E+00   0.17610595E-01   0.38111681E+02   0.21529918E+01
  0.17378008E+01   0.10000000E+03   0.66800000E+06   0.19932607E+01   0.34628610E+00  -0.26618444E+01   0.20129867E+02   0.12641723E+00   0.17615586E-01   0.38111160E+02   0.21526810E+01
  0.18620871E+01   0.10000000E+03   0.42900000E+06   0.19918444E+01   0.34651113E+00  -0.25900117E+01   0.20165285E+02   0.12640559E+00   0.17581339E-01   0.38112260E+02   0.21508951E+01
  0.19952623E+01   0.10000000E+03   0.87600000E+06   0.19903458E+01   0.34555936E+00  -0.25110475E+01   0.20110985E+02   0.12640891E+00   0.17630042E-01   0.38111583E+02   0.21583877E+01
  0.21379621E+01   0.10000000E+03   0.69100000E+06   0.19892402E+01   0.34631235E+00  -0.24624778E+01   0.20144187E+02   0.12640840E+00   0.17639060E-01   0.38112876E+02   0.21592546E+01
  0.22908677E+01   0.10000000E+03   0.60700000E+06   0.19874607E+01   0.34590477E+00  -0.23574163E+01   0.20124869E+02   0.12639697E+00   0.17641953E-01   0.38111731E+02   0.21597487E+01
  0.24547089E+01   0.10000000E+03   0.88400000E+06   0.19863791E+01   0.34602802E+00  -0.23279035E+01   0.20134243E+02   0.12640090E+00   0.17679401E-01   0.38114925E+02   0.21658865E+01
  0.26302680E+01   0.10000000E+03   0.70400000E+06   0.19848029E+01   0.34577209E+00  -0.22404641E+01   0.20150631E+02   0.12644752E+00   0.17696849E-01   0.38109746E+02   0.21685809E+01
  0.28183829E+01   0.10000000E+03   0.68900000E+06   0.19814823E+01   0.34534140E+00  -0.20581499E+01   0.20116619E+02   0.12641012E+00   0.17708661E-01   0.38110794E+02   0.21750245E+01
  0.30199517E+01   0.10000000E+03   0.74500000E+06   0.19788810E+01   0.34510741E+00  -0.19361672E+01   0.20083389E+02   0.12641788E+00   0.17728627E-01   0.38111916E+02   0.21764459E+01
  0.32359366E+01   0.10000000E+03   0.74800000E+06   0.19756453E+01   0.34507524E+00  -0.17566881E+01   0.20105595E+02   0.12640563E+00   0.17779698E-01   0.38110592E+02   0.21842532E+01
  0.34673685E+01   0.10000000E+03   0.72600000E+06   0.19721565E+01   0.34482056E+00  -0.15926763E+01   0.20102559E+02   0.12640594E+00   0.17807413E-01   0.38111665E+02   0.21903698E+01
  0.37153523E+01   0.10000000E+03   0.49100000E+06   0.19681647E+01   0.34465710E+00  -0.13820527E+01   0.20093473E+02   0.12640993E+00   0.17836636E-01   0.38110906E+02   0.21939911E+01
  0.39810717E+01   0.10000000E+03   0.91600000E+06   0.19634867E+01   0.34408471E+00  -0.11568188E+01   0.20069782E+02   0.12642249E+00   0.17889794E-01   0.38110719E+02   0.22054657E+01
  0.42657952E+01   0.10000000E+03   0.54600000E+06   0.19596453E+01   0.34408433E+00  -0.94525021E+00   0.20065968E+02   0.12645653E+00   0.17932966E-01   0.38104746E+02   0.22155093E+01
  0.45708819E+01   0.10000000E+03   0.66400000E+06   0.19519097E+01   0.34362318E+00  -0.57158075E+00   0.20040861E+02   0.12641843E+00   0.17996387E-01   0.38110816E+02   0.22246086E+01
  0.48977882E+01   0.10000000E+03   0.89400000E+06   0.19462272E+01   0.34332346E+00  -0.26663441E+00   0.20033945E+02   0.12641908E+00   0.18043201E-01   0.38108650E+02   0.22354827E+01
  0.52480746E+01   0.10000000E+03   0.18730000E+07   0.19376994E+01   0.34288076E+00   0.14990349E+00   0.20019657E+02   0.12639197E+00   0.18138151E-01   0.38112773E+02   0.22505728E+01
  0.56234133E+01   0.10000000E+03   0.13370000E+07   0.19291582E+01   0.34253629E+00   0.58392251E+00   0.20021636E+02   0.12640747E+00   0.18210593E-01   0.38111062E+02   0.22668092E+01
  0.60255959E+01   0.10000000E+03   0.16870000E+07   0.19189214E+01   0.34196307E+00   0.11054530E+01   0.19992093E+02   0.12643669E+00   0.18327944E-01   0.38107523E+02   0.22862952E+01
  0.64565423E+01   0.10000000E+03   0.20390000E+07   0.19069052E+01   0.34092116E+00   0.16963018E+01   0.19941936E+02   0.12639539E+00   0.18437975E-01   0.38113453E+02   0.23057914E+01
  0.69183097E+01   0.10000000E+03   0.12790000E+07   0.18943499E+01   0.33985633E+00   0.23271060E+01   0.19907693E+02   0.12641803E+00   0.18554221E-01   0.38112939E+02   0.23262430E+01
  0.74131024E+01   0.10000000E+03   0.14900000E+07   0.18796783E+01   0.33929265E+00   0.30706683E+01   0.19885349E+02   0.12641258E+00   0.18708549E-01   0.38112583E+02   0.23549637E+01
  0.79432823E+01   0.10000000E+03   0.12800000E+07   0.18626897E+01   0.33806600E+00   0.39346734E+01   0.19837903E+02   0.12639104E+00   0.18887869E-01   0.38113288E+02   0.23849106E+01
  0.85113804E+01   0.10000000E+03   0.12200000E+07   0.18441641E+01   0.33692349E+00   0.48861643E+01   0.19796373E+02   0.12638791E+00   0.19068044E-01   0.38111597E+02   0.24206941E+01
  0.91201084E+01   0.10000000E+03   0.77700000E+06   0.18235359E+01   0.33532511E+00   0.59307129E+01   0.19740556E+02   0.12641079E+00   0.19241428E-01   0.38110277E+02   0.24555632E+01
  0.97723722E+01   0.10000000E+03   0.10930000E+07   0.17996024E+01   0.33359638E+00   0.71098704E+01   0.19668118E+02   0.12643645E+00   0.19540970E-01   0.38109782E+02   0.25010714E+01
  0.10471285E+02   0.10000000E+03   0.99400000E+06   0.17729531E+01   0.33127461E+00   0.84509123E+01   0.19594831E+02   0.12640493E+00   0.19779993E-01   0.38115122E+02   0.25464100E+01
  0.11220185E+02   0.10000000E+03   0.11400000E+07   0.17432700E+01   0.32941386E+00   0.99693258E+01   0.19509520E+02   0.12640677E+00   0.20108747E-01   0.38112279E+02   0.26033510E+01
  0.12022644E+02   0.10000000E+03   0.82900000E+06   0.17115911E+01   0.32691581E+00   0.11570806E+02   0.19413926E+02   0.12640609E+00   0.20458432E-01   0.38111608E+02   0.26644071E+01
  0.12882496E+02   0.10000000E+03   0.97300000E+06   0.16753012E+01   0.32413536E+00   0.13404715E+02   0.19297968E+02   0.12641406E+00   0.20861131E-01   0.38110370E+02   0.27338743E+01
  0.13803843E+02   0.10000000E+03   0.95900000E+06   0.16349584E+01   0.32061563E+00   0.15449757E+02   0.19162174E+02   0.12637401E+00   0.21303651E-01   0.38111745E+02   0.28137629E+01
  0.14791084E+02   0.10000000E+03   0.98500000E+06   0.15926710E+01   0.31693411E+00   0.17583184E+02   0.19033660E+02   0.12646154E+00   0.21841339E-01   0.38105771E+02   0.29007759E+01
  0.15848932E+02   0.10000000E+03   0.84700000E+06   0.15456935E+01   0.31292291E+00   0.19934328E+02   0.18867453E+02   0.12641276E+00   0.22423409E-01   0.38113181E+02   0.30005549E+01
  0.16982437E+02   0.10000000E+03   0.92400000E+06   0.14948357E+01   0.30826913E+00   0.22513001E+02   0.18699148E+02   0.12641639E+00   0.23035709E-01   0.38110118E+02   0.31030472E+01
  0.18197009E+02   0.10000000E+03   0.92500000E+06   0.14410545E+01   0.30309931E+00   0.25233458E+02   0.18487268E+02   0.12636231E+00   0.23740631E-01   0.38114986E+02   0.32215842E+01
  0.19498446E+02   0.10000000E+03   0.82700000E+06   0.13842631E+01   0.29746303E+00   0.28081329E+02   0.18269004E+02   0.12642514E+00   0.24496217E-01   0.38115707E+02   0.33500070E+01
  0.20892961E+02   0.10000000E+03   0.80600000E+06   0.13234329E+01   0.29145365E+00   0.31158047E+02   0.18002223E+02   0.12647939E+00   0.25355474E-01   0.38109163E+02   0.34929108E+01
  0.22387211E+02   0.10000000E+03   0.91700000E+06   0.12597785E+01   0.28492168E+00   0.34377507E+02   0.17752610E+02   0.12645493E+00   0.26389284E-01   0.38108224E+02   0.36544639E+01
  0.23988329E+02   0.10000000E+03   0.74500000E+06   0.11937538E+01   0.27823005E+00   0.37703916E+02   0.17477079E+02   0.12639764E+00   0.27360321E-01   0.38111376E+02   0.38220583E+01
  0.25703958E+02   0.10000000E+03   0.48300000E+06   0.11267432E+01   0.27081233E+00   0.41077637E+02   0.17199620E+02   0.12645650E+00   0.28544442E-01   0.38109977E+02   0.40125953E+01
  0.27542287E+02   0.10000000E+03   0.84800000E+06   0.10570820E+01   0.26321926E+00   0.44609913E+02   0.16907611E+02   0.12638207E+00   0.29882628E-01   0.38121580E+02   0.42201402E+01
  0.29512092E+02   0.10000000E+03   0.96100000E+06   0.98771009E+00   0.25495782E+00   0.48118045E+02   0.16569558E+02   0.12638074E+00   0.31263972E-01   0.38115106E+02   0.44502859E+01
  0.31622777E+02   0.10000000E+03   0.98900000E+06   0.91861671E+00   0.24679851E+00   0.51611443E+02   0.16257509E+02   0.12638738E+00   0.32802441E-01   0.38113877E+02   0.46930277E+01
  0.33884416E+02   0.10000000E+03   0.95700000E+06   0.85011334E+00   0.23858459E+00   0.55071786E+02   0.15936986E+02   0.12642425E+00   0.34555400E-01   0.38104156E+02   0.49699088E+01
  0.36307805E+02   0.10000000E+03   0.86000000E+06   0.78306125E+00   0.22961936E+00   0.58461190E+02   0.15599828E+02   0.12640948E+00   0.36377638E-01   0.38115816E+02   0.52588646E+01
  0.38904514E+02   0.10000000E+03   0.10870000E+07   0.71808869E+00   0.22091961E+00   0.61744079E+02   0.15258831E+02   0.12642433E+00   0.38367377E-01   0.38111446E+02   0.55725168E+01
  0.41686938E+02   0.10000000E+03   0.56400000E+06   0.65558431E+00   0.21231227E+00   0.64900623E+02   0.14932261E+02   0.12641619E+00   0.40599134E-01   0.38107395E+02   0.59149242E+01
  0.44668359E+02   0.10000000E+03   0.78600000E+06   0.59587475E+00   0.20334629E+00   0.67922402E+02   0.14603782E+02   0.12640088E+00   0.42910508E-01   0.38108219E+02   0.62747534E+01
  0.47863009E+02   0.10000000E+03   0.92800000E+06   0.53969373E+00   0.19468212E+00   0.70728894E+02   0.14298814E+02   0.12645551E+00   0.45540970E-01   0.38110037E+02   0.66769131E+01
  0.51286138E+02   0.10000000E+03   0.76200000E+06   0.48651816E+00   0.18574340E+00   0.73425682E+02   0.13978143E+02   0.12638324E+00   0.48302267E-01   0.38111497E+02   0.71050738E+01
  0.54954087E+02   0.10000000E+03   0.10060000E+07   0.43731226E+00   0.17705614E+00   0.75917682E+02   0.13658715E+02   0.12641310E+00   0.51372630E-01   0.38109388E+02   0.75768441E+01
  0.58884366E+02   0.10000000E+03   0.87300000E+06   0.39198197E+00   0.16854357E+00   0.78196708E+02   0.13386549E+02   0.12643168E+00   0.54588201E-01   0.38117947E+02   0.80633488E+01
  0.63095734E+02   0.10000000E+03   0.98500000E+06   0.35007284E+00   0.16026744E+00   0.80345011E+02   0.13094961E+02   0.12642261E+00   0.58139630E-01   0.38103449E+02   0.86219866E+01
  0.67608298E+02   0.10000000E+03   0.92800000E+06   0.31185088E+00   0.15166740E+00   0.82248491E+02   0.12824920E+02   0.12645503E+00   0.61764861E-01   0.38106013E+02   0.91887502E+01
  0.72443596E+02   0.10000000E+03   0.10500000E+07   0.27722546E+00   0.14410401E+00   0.83989421E+02   0.12577956E+02   0.12643908E+00   0.65975834E-01   0.38107457E+02   0.98015393E+01
  0.77624712E+02   0.10000000E+03   0.91200000E+06   0.24561810E+00   0.13617316E+00   0.85612978E+02   0.12321648E+02   0.12631439E+00   0.70292275E-01   0.38122114E+02   0.10475424E+02
  0.83176377E+02   0.10000000E+03   0.11370000E+07   0.21750977E+00   0.12860269E+00   0.87000113E+02   0.12110143E+02   0.12651653E+00   0.75087565E-01   0.38098728E+02   0.11191819E+02
  0.89125094E+02   0.10000000E+03   0.62800000E+06   0.19174738E+00   0.12136684E+00   0.88320449E+02   0.11916442E+02   0.12630799E+00   0.80213878E-01   0.38131775E+02   0.11985296E+02
  0.95499259E+02   0.10000000E+03   0.10520000E+07   0.16930021E+00   0.11424378E+00   0.89459382E+02   0.11725294E+02   0.12644861E+00   0.85577399E-01   0.38092450E+02   0.12802986E+02
  0.10232930E+03   0.10000000E+03   0.12420000E+07   0.14903029E+00   0.10753943E+00   0.90470206E+02   0.11529713E+02   0.12638609E+00   0.91394177E-01   0.38101008E+02   0.13701929E+02
  0.10964782E+03   0.10000000E+03   0.89300000E+06   0.13082533E+00   0.10134096E+00   0.91393037E+02   0.11362139E+02   0.12621432E+00   0.97930758E-01   0.38118241E+02   0.14659621E+02
  0.11748976E+03   0.10000000E+03   0.65000000E+06   0.11507769E+00   0.95163637E-01   0.92180092E+02   0.11248780E+02   0.12647319E+00   0.10474952E+00   0.38113919E+02   0.15690219E+02
  0.12589254E+03   0.10000000E+03   0.11120000E+07   0.10089943E+00   0.89438156E-01   0.92896035E+02   0.11102260E+02   0.12638543E+00   0.11201133E+00   0.38129980E+02   0.16796015E+02
  0.13489629E+03   0.10000000E+03   0.11840000E+07   0.88535518E-01   0.83801060E-01   0.93513565E+02   0.10988469E+02   0.12642216E+00   0.11969087E+00   0.38112060E+02   0.17937272E+02
  0.14454398E+03   0.10000000E+03   0.13680000E+07   0.77443623E-01   0.78612338E-01   0.94092920E+02   0.10878978E+02   0.12634209E+00   0.12821837E+00   0.38142907E+02   0.19221872E+02
  0.15488166E+03   0.10000000E+03   0.11020000E+07   0.67932116E-01   0.73537666E-01   0.94561634E+02   0.10777276E+02   0.12661604E+00   0.13694516E+00   0.38108590E+02   0.20590285E+02
  0.16595869E+03   0.10000000E+03   0.86700000E+06   0.59283340E-01   0.68975697E-01   0.95019277E+02   0.10691534E+02   0.12632613E+00   0.14676457E+00   0.38116327E+02   0.22040567E+02
  0.17782794E+03   0.10000000E+03   0.82000000E+06   0.51869256E-01   0.64512718E-01   0.95387893E+02   0.10614794E+02   0.12641203E+00   0.15698953E+00   0.38124174E+02   0.23601223E+02
  0.19054607E+03   0.10000000E+03   0.11550000E+07   0.45481678E-01   0.60424139E-01   0.95696387E+02   0.10559173E+02   0.12674961E+00   0.16817115E+00   0.38090095E+02   0.25279301E+02
  0.20417379E+03   0.10000000E+03   0.13720000E+07   0.39639977E-01   0.56476637E-01   0.96006893E+02   0.10488607E+02   0.12651279E+00   0.17990623E+00   0.38103356E+02   0.27059045E+02
  0.21877616E+03   0.10000000E+03   0.12120000E+07   0.34595736E-01   0.52802301E-01   0.96251566E+02   0.10447285E+02   0.12657217E+00   0.19268533E+00   0.38089537E+02   0.29011179E+02
  0.23442288E+03   0.10000000E+03   0.11890000E+07   0.30259359E-01   0.49452816E-01   0.96484843E+02   0.10388541E+02   0.12672973E+00   0.20654732E+00   0.38093481E+02   0.31100379E+02
  0.25118864E+03   0.10000000E+03   0.10300000E+07   0.26376456E-01   0.46187737E-01   0.96669286E+02   0.10349581E+02   0.12661652E+00   0.22110921E+00   0.38092403E+02   0.33303795E+02
  0.26915348E+03   0.10000000E+03   0.17730000E+07   0.22944851E-01   0.43173317E-01   0.96846924E+02   0.10326718E+02   0.12627444E+00   0.23681272E+00   0.38124184E+02   0.35671152E+02
  0.28840315E+03   0.10000000E+03   0.14120000E+07   0.20048142E-01   0.40341178E-01   0.96994850E+02   0.10275036E+02   0.12642793E+00   0.25362788E+00   0.38093648E+02   0.38156997E+02
  0.30902954E+03   0.10000000E+03   0.13470000E+07   0.17524325E-01   0.37709037E-01   0.97117614E+02   0.10260922E+02   0.12675765E+00   0.27189929E+00   0.38104417E+02   0.40896713E+02
  0.33113112E+03   0.10000000E+03   0.15260000E+07   0.15230565E-01   0.35263756E-01   0.97234224E+02   0.10232941E+02   0.12636182E+00   0.29159241E+00   0.38115691E+02   0.43801592E+02
  0.35481339E+03   0.10000000E+03   0.15750000E+07   0.13281976E-01   0.32879489E-01   0.97333285E+02   0.10208073E+02   0.12631536E+00   0.31174479E+00   0.38155780E+02   0.46913448E+02
  0.38018940E+03   0.10000000E+03   0.14010000E+07   0.11537401E-01   0.30722548E-01   0.97398696E+02   0.10196707E+02   0.12594552E+00   0.33402051E+00   0.38200521E+02   0.50324624E+02
  0.40738028E+03   0.10000000E+03   0.89500000E+06   0.10099977E-01   0.28710685E-01   0.97497029E+02   0.10170432E+02   0.12649483E+00   0.35796559E+00   0.38087166E+02   0.53891771E+02
  0.43651583E+03   0.10000000E+03   0.11870000E+07   0.88133092E-02   0.26812452E-01   0.97564745E+02   0.10158798E+02   0.12654739E+00   0.38382997E+00   0.38095762E+02   0.57766190E+02
  0.46773514E+03   0.10000000E+03   0.18940000E+07   0.76862161E-02   0.25000417E-01   0.97614017E+02   0.10151574E+02   0.12677127E+00   0.41074228E+00   0.38053956E+02   0.61830612E+02
  0.50118723E+03   0.10000000E+03   0.98900000E+06   0.66630960E-02   0.23350254E-01   0.97670648E+02   0.10150746E+02   0.12605795E+00   0.44006308E+00   0.38081249E+02   0.66292503E+02
  0.53703180E+03   0.10000000E+03   0.17720000E+07   0.58109957E-02   0.21808035E-01   0.97703121E+02   0.10128894E+02   0.12622276E+00   0.47152355E+00   0.38071675E+02   0.71032869E+02
  0.57543994E+03   0.10000000E+03   0.13530000E+07   0.50557225E-02   0.20354163E-01   0.97746787E+02   0.10125285E+02   0.12599957E+00   0.50544959E+00   0.38099580E+02   0.76055612E+02
  0.61659500E+03   0.10000000E+03   0.16710000E+07   0.44409933E-02   0.18999155E-01   0.97774817E+02   0.10115036E+02   0.12714814E+00   0.54139986E+00   0.38001309E+02   0.81497895E+02
  0.66069345E+03   0.10000000E+03   0.14360000E+07   0.38434378E-02   0.17744583E-01   0.97796074E+02   0.10117959E+02   0.12622917E+00   0.58026966E+00   0.38148025E+02   0.87430906E+02
  0.70794578E+03   0.10000000E+03   0.21530000E+07   0.33497599E-02   0.16551209E-01   0.97825328E+02   0.10108172E+02   0.12611661E+00   0.62136283E+00   0.38171781E+02   0.93590489E+02
  0.75857758E+03   0.10000000E+03   0.17700000E+07   0.29139272E-02   0.15449379E-01   0.97861364E+02   0.10095823E+02   0.12603193E+00   0.66576132E+00   0.38074992E+02   0.10032749E+03
  0.81283052E+03   0.10000000E+03   0.22930000E+07   0.25539500E-02   0.14429635E-01   0.97874142E+02   0.10102918E+02   0.12706865E+00   0.71362028E+00   0.38057555E+02   0.10744685E+03
  0.87096359E+03   0.10000000E+03   0.15190000E+07   0.22099862E-02   0.13460721E-01   0.97897820E+02   0.10095427E+02   0.12590745E+00   0.76440857E+00   0.38208606E+02   0.11516871E+03
  0.93325430E+03   0.10000000E+03   0.16890000E+07   0.19262652E-02   0.12564833E-01   0.97909823E+02   0.10086386E+02   0.12622975E+00   0.81916445E+00   0.38253509E+02   0.12338362E+03
  0.10000000E+04   0.10000000E+03   0.19840000E+07   0.16672736E-02   0.11724079E-01   0.97910581E+02   0.10085792E+02   0.12521027E+00   0.87733968E+00   0.38287205E+02   0.13224912E+03
