  0.10000000E+01   0.10000000E+01   0.33300000E+06   0.19976817E+01   0.77355297E-02  -0.28822111E+01   0.45002616E+00   0.49985273E+00   0.19369097E-02   0.15140744E+01   0.22030576E+00
  0.10000000E+01   0.10715193E+01   0.45200000E+06   0.19976740E+01   0.78459800E-02  -0.28821369E+01   0.45700591E+00   0.49983293E+00   0.19647502E-02   0.15161707E+01   0.22373009E+00
  0.10000000E+01   0.11481536E+01   0.46500000E+06   0.19976672E+01   0.79755734E-02  -0.28821933E+01   0.46413991E+00   0.49981046E+00   0.19969879E-02   0.15185753E+01   0.22719821E+00
  0.10000000E+01   0.12302688E+01   0.27700000E+06   0.19976857E+01   0.81048748E-02  -0.28827508E+01   0.47223982E+00   0.49977696E+00   0.20292931E-02   0.15216669E+01   0.23115607E+00
  0.10000000E+01   0.13182567E+01   0.35400000E+06   0.19976829E+01   0.82843316E-02  -0.28826749E+01   0.48189978E+00   0.49974522E+00   0.20736608E-02   0.15248119E+01   0.23580229E+00
  0.10000000E+01   0.14125375E+01   0.42600000E+06   0.19976868E+01   0.84692167E-02  -0.28830311E+01   0.49239646E+00   0.49970651E+00   0.21197751E-02   0.15286872E+01   0.24094807E+00
  0.10000000E+01   0.15135612E+01   0.30200000E+06   0.19976628E+01   0.86961346E-02  -0.28821427E+01   0.50556810E+00   0.49966979E+00   0.21761468E-02   0.15324478E+01   0.24735861E+00
  0.10000000E+01   0.16218101E+01   0.35400000E+06   0.19976805E+01   0.89203241E-02  -0.28828174E+01   0.51901584E+00   0.49961602E+00   0.22320276E-02   0.15376062E+01   0.25391960E+00
  0.10000000E+01   0.17378008E+01   0.36700000E+06   0.19976791E+01   0.91479406E-02  -0.28825515E+01   0.53292286E+00   0.49955916E+00   0.22888416E-02   0.15430779E+01   0.26068376E+00
  0.10000000E+01   0.18620871E+01   0.21500000E+06   0.19976852E+01   0.94441887E-02  -0.28830723E+01   0.54961649E+00   0.49949230E+00   0.23619174E-02   0.15497384E+01   0.26874109E+00
  0.10000000E+01   0.19952623E+01   0.35800000E+06   0.19976703E+01   0.97602552E-02  -0.28817607E+01   0.56779382E+00   0.49942219E+00   0.24403643E-02   0.15563310E+01   0.27759056E+00
  0.10000000E+01   0.21379621E+01   0.44800000E+06   0.19976622E+01   0.10151675E-01  -0.28819094E+01   0.59026954E+00   0.49933864E+00   0.25370821E-02   0.15647971E+01   0.28845937E+00
  0.10000000E+01   0.22908677E+01   0.45700000E+06   0.19976680E+01   0.10526449E-01  -0.28822110E+01   0.61268300E+00   0.49923929E+00   0.26294180E-02   0.15745375E+01   0.29932529E+00
  0.10000000E+01   0.24547089E+01   0.33600000E+06   0.19976980E+01   0.10948371E-01  -0.28838606E+01   0.63774731E+00   0.49911890E+00   0.27339216E-02   0.15864022E+01   0.31148113E+00
  0.10000000E+01   0.26302680E+01   0.48100000E+06   0.19976504E+01   0.11431631E-01  -0.28806423E+01   0.66402677E+00   0.49900144E+00   0.28534326E-02   0.15975108E+01   0.32413929E+00
  0.10000000E+01   0.28183829E+01   0.42000000E+06   0.19976804E+01   0.11971796E-01  -0.28829323E+01   0.69671362E+00   0.49884498E+00   0.29863496E-02   0.16132240E+01   0.33992705E+00
  0.10000000E+01   0.30199517E+01   0.39900000E+06   0.19976705E+01   0.12547680E-01  -0.28825538E+01   0.73056806E+00   0.49867784E+00   0.31279329E-02   0.16296656E+01   0.35625806E+00
  0.10000000E+01   0.32359366E+01   0.35000000E+06   0.19976573E+01   0.13172734E-01  -0.28811982E+01   0.76606937E+00   0.49848451E+00   0.32806869E-02   0.16482726E+01   0.37324634E+00
  0.10000000E+01   0.34673685E+01   0.42800000E+06   0.19976723E+01   0.13802384E-01  -0.28822940E+01   0.80391543E+00   0.49825706E+00   0.34348029E-02   0.16707264E+01   0.39144154E+00
  0.10000000E+01   0.37153523E+01   0.21100000E+06   0.19976974E+01   0.14586775E-01  -0.28850275E+01   0.84756370E+00   0.49799396E+00   0.36257088E-02   0.16972496E+01   0.41222361E+00
  0.10000000E+01   0.39810717E+01   0.42300000E+06   0.19976481E+01   0.15458526E-01  -0.28812076E+01   0.89882980E+00   0.49770987E+00   0.38385682E-02   0.17244242E+01   0.43682595E+00
  0.10000000E+01   0.42657952E+01   0.57300000E+06   0.19976488E+01   0.16320202E-01  -0.28807982E+01   0.94905439E+00   0.49737270E+00   0.40473522E-02   0.17572416E+01   0.46067262E+00
  0.10000000E+01   0.45708819E+01   0.44000000E+06   0.19976706E+01   0.17285006E-01  -0.28830936E+01   0.10052930E+01   0.49697741E+00   0.42782924E-02   0.17965786E+01   0.48718766E+00
  0.10000000E+01   0.48977882E+01   0.48800000E+06   0.19977143E+01   0.18340183E-01  -0.28856640E+01   0.10668391E+01   0.49652368E+00   0.45327951E-02   0.18412213E+01   0.51633394E+00
  0.10000000E+01   0.52480746E+01   0.28600000E+06   0.19976781E+01   0.19452869E-01  -0.28827818E+01   0.11334932E+01   0.49602152E+00   0.47978989E-02   0.18899014E+01   0.54767183E+00
  0.10000000E+01   0.56234133E+01   0.37500000E+06   0.19977537E+01   0.20681861E-01  -0.28882747E+01   0.12025841E+01   0.49542151E+00   0.50880568E-02   0.19495425E+01   0.57969119E+00
  0.10000000E+01   0.60255959E+01   0.54400000E+06   0.19976844E+01   0.21941603E-01  -0.28826877E+01   0.12780157E+01   0.49476900E+00   0.53846438E-02   0.20124480E+01   0.61490108E+00
  0.10000000E+01   0.64565423E+01   0.46200000E+06   0.19976684E+01   0.23420833E-01  -0.28815306E+01   0.13615625E+01   0.49400594E+00   0.57313542E-02   0.20870668E+01   0.65325389E+00
  0.10000000E+01   0.69183097E+01   0.58200000E+06   0.19976493E+01   0.24933446E-01  -0.28820248E+01   0.14494971E+01   0.49313678E+00   0.60799972E-02   0.21729694E+01   0.69333708E+00
  0.10000000E+01   0.74131024E+01   0.42100000E+06   0.19976745E+01   0.26588132E-01  -0.28816331E+01   0.15460394E+01   0.49212596E+00   0.64539590E-02   0.22712030E+01   0.73659685E+00
  0.10000000E+01   0.79432823E+01   0.55900000E+06   0.19976542E+01   0.28314304E-01  -0.28808521E+01   0.16485669E+01   0.49098578E+00   0.68440255E-02   0.23830532E+01   0.78254379E+00
  0.10000000E+01   0.85113804E+01   0.58100000E+06   0.19976566E+01   0.30299719E-01  -0.28810473E+01   0.17628977E+01   0.48967601E+00   0.72878752E-02   0.25114496E+01   0.83337907E+00
  0.10000000E+01   0.91201084E+01   0.53600000E+06   0.19976520E+01   0.32348582E-01  -0.28796758E+01   0.18810117E+01   0.48818604E+00   0.77358435E-02   0.26569150E+01   0.88466495E+00
  0.10000000E+01   0.97723722E+01   0.71900000E+06   0.19976843E+01   0.34487499E-01  -0.28840924E+01   0.20083539E+01   0.48646839E+00   0.81846863E-02   0.28265913E+01   0.93836863E+00
  0.10000000E+01   0.10471285E+02   0.67200000E+06   0.19977382E+01   0.36896380E-01  -0.28842657E+01   0.21465645E+01   0.48451795E+00   0.86896635E-02   0.30165060E+01   0.99626654E+00
  0.10000000E+01   0.11220185E+02   0.56900000E+06   0.19976738E+01   0.39477433E-01  -0.28822418E+01   0.22948067E+01   0.48231813E+00   0.92206989E-02   0.32326894E+01   0.10574581E+01
  0.10000000E+01   0.12022644E+02   0.68100000E+06   0.19977188E+01   0.42198802E-01  -0.28813780E+01   0.24552824E+01   0.47978896E+00   0.97513280E-02   0.34790397E+01   0.11209671E+01
  0.10000000E+01   0.12882496E+02   0.59400000E+06   0.19976197E+01   0.45113036E-01  -0.28804145E+01   0.26249202E+01   0.47694859E+00   0.10302433E-01   0.37593155E+01   0.11861912E+01
  0.10000000E+01   0.13803843E+02   0.69400000E+06   0.19977255E+01   0.48307719E-01  -0.28844528E+01   0.28098784E+01   0.47368861E+00   0.10885977E-01   0.40781839E+01   0.12553037E+01
  0.10000000E+01   0.14791084E+02   0.61700000E+06   0.19976693E+01   0.51711688E-01  -0.28812025E+01   0.30060984E+01   0.47003257E+00   0.11498130E-01   0.44363018E+01   0.13278214E+01
  0.10000000E+01   0.15848932E+02   0.70100000E+06   0.19976589E+01   0.55364005E-01  -0.28795198E+01   0.32204984E+01   0.46589801E+00   0.12093235E-01   0.48409436E+01   0.14002584E+01
  0.10000000E+01   0.16982437E+02   0.64000000E+06   0.19977189E+01   0.59229517E-01  -0.28851940E+01   0.34480563E+01   0.46121247E+00   0.12691779E-01   0.53013463E+01   0.14740400E+01
  0.10000000E+01   0.18197009E+02   0.45800000E+06   0.19976641E+01   0.63499546E-01  -0.28817675E+01   0.36925982E+01   0.45598527E+00   0.13299697E-01   0.58133097E+01   0.15487598E+01
  0.10000000E+01   0.19498446E+02   0.65500000E+06   0.19977547E+01   0.67849882E-01  -0.28837139E+01   0.39483962E+01   0.45008840E+00   0.13892642E-01   0.63900120E+01   0.16235072E+01
  0.10000000E+01   0.20892961E+02   0.34000000E+06   0.19976200E+01   0.72774535E-01  -0.28801946E+01   0.42360815E+01   0.44354834E+00   0.14486034E-01   0.70323252E+01   0.17012690E+01
  0.10000000E+01   0.22387211E+02   0.59000000E+06   0.19974940E+01   0.77757975E-01  -0.28725750E+01   0.45212797E+01   0.43623888E+00   0.15018670E-01   0.77482563E+01   0.17677537E+01
  0.10000000E+01   0.23988329E+02   0.45400000E+06   0.19977861E+01   0.83538509E-01  -0.28879582E+01   0.48585200E+01   0.42807518E+00   0.15588511E-01   0.85484702E+01   0.18449736E+01
  0.10000000E+01   0.25703958E+02   0.52000000E+06   0.19976257E+01   0.89216899E-01  -0.28817624E+01   0.51855958E+01   0.41915104E+00   0.16032268E-01   0.94239528E+01   0.19062507E+01
  0.10000000E+01   0.27542287E+02   0.69200000E+06   0.19974195E+01   0.95656956E-01  -0.28700851E+01   0.55628813E+01   0.40933857E+00   0.16514153E-01   0.10385010E+02   0.19752777E+01
  0.10000000E+01   0.29512092E+02   0.80600000E+06   0.19976325E+01   0.10236819E+00  -0.28802423E+01   0.59557222E+01   0.39856332E+00   0.16879397E-01   0.11440787E+02   0.20324925E+01
  0.10000000E+01   0.31622777E+02   0.33900000E+06   0.19976377E+01   0.10955612E+00  -0.28905472E+01   0.63789490E+01   0.38686218E+00   0.17198968E-01   0.12591246E+02   0.20877832E+01
  0.10000000E+01   0.33884416E+02   0.70600000E+06   0.19976064E+01   0.11750072E+00  -0.28822838E+01   0.68313002E+01   0.37429210E+00   0.17507900E-01   0.13820547E+02   0.21353433E+01
  0.10000000E+01   0.36307805E+02   0.86300000E+06   0.19978468E+01   0.12594245E+00  -0.28897137E+01   0.73237271E+01   0.36077126E+00   0.17669540E-01   0.15143966E+02   0.21738768E+01
  0.10000000E+01   0.38904514E+02   0.80800000E+06   0.19974999E+01   0.13495975E+00  -0.28750040E+01   0.78478771E+01   0.34641806E+00   0.17825290E-01   0.16551461E+02   0.22092815E+01
  0.10000000E+01   0.41686938E+02   0.80300000E+06   0.19975329E+01   0.14459300E+00  -0.28750352E+01   0.84105117E+01   0.33127067E+00   0.17972559E-01   0.18035252E+02   0.22414100E+01
  0.10000000E+01   0.44668359E+02   0.54500000E+06   0.19974969E+01   0.15478594E+00  -0.28674658E+01   0.89973892E+01   0.31540387E+00   0.18028250E-01   0.19588388E+02   0.22642091E+01
  0.10000000E+01   0.47863009E+02   0.90100000E+06   0.19978397E+01   0.16604745E+00  -0.28836496E+01   0.96638228E+01   0.29898169E+00   0.18046327E-01   0.21197502E+02   0.22809296E+01
  0.10000000E+01   0.51286138E+02   0.70100000E+06   0.19975476E+01   0.17746811E+00  -0.28651941E+01   0.10320785E+02   0.28211606E+00   0.18045774E-01   0.22849582E+02   0.22888041E+01
  0.10000000E+01   0.54954087E+02   0.77700000E+06   0.19977886E+01   0.19045007E+00  -0.28998291E+01   0.11083137E+02   0.26493556E+00   0.18088316E-01   0.24539319E+02   0.22972740E+01
  0.10000000E+01   0.58884366E+02   0.73400000E+06   0.19975289E+01   0.20355554E+00  -0.28843861E+01   0.11852425E+02   0.24755560E+00   0.18067060E-01   0.26241815E+02   0.22982291E+01
  0.10000000E+01   0.63095734E+02   0.41100000E+06   0.19973599E+01   0.21901348E+00  -0.28785216E+01   0.12735064E+02   0.23026206E+00   0.18077756E-01   0.27937096E+02   0.22943452E+01
  0.10000000E+01   0.67608298E+02   0.86900000E+06   0.19974213E+01   0.23424501E+00  -0.28657628E+01   0.13620748E+02   0.21311835E+00   0.18093257E-01   0.29613710E+02   0.22889402E+01
  0.10000000E+01   0.72443596E+02   0.46700000E+06   0.19977017E+01   0.25093489E+00  -0.28757423E+01   0.14598958E+02   0.19630497E+00   0.18089914E-01   0.31260393E+02   0.22780271E+01
  0.10000000E+01   0.77624712E+02   0.66600000E+06   0.19976769E+01   0.26888772E+00  -0.28781956E+01   0.15643689E+02   0.18006511E+00   0.18068111E-01   0.32852802E+02   0.22624054E+01
  0.10000000E+01   0.83176377E+02   0.78800000E+06   0.19977508E+01   0.28794234E+00  -0.28735354E+01   0.16742287E+02   0.16438267E+00   0.17983463E-01   0.34388379E+02   0.22361231E+01
  0.10000000E+01   0.89125094E+02   0.46700000E+06   0.19967062E+01   0.30824538E+00  -0.28364808E+01   0.17937273E+02   0.14945668E+00   0.17878586E-01   0.35853989E+02   0.22076307E+01
  0.10000000E+01   0.95499259E+02   0.94100000E+06   0.19976294E+01   0.33102486E+00  -0.28662951E+01   0.19258036E+02   0.13535214E+00   0.17730195E-01   0.37233415E+02   0.21761449E+01
  0.10000000E+01   0.10232930E+03   0.61400000E+06   0.19973779E+01   0.35446114E+00  -0.28480275E+01   0.20634790E+02   0.12209813E+00   0.17487966E-01   0.38532342E+02   0.21296620E+01
  0.10000000E+01   0.10964782E+03   0.85200000E+06   0.19975473E+01   0.37971429E+00  -0.28865888E+01   0.22078141E+02   0.10977116E+00   0.17198750E-01   0.39743266E+02   0.20838583E+01
  0.10000000E+01   0.11748976E+03   0.70400000E+06   0.19973367E+01   0.40680327E+00  -0.28661331E+01   0.23692562E+02   0.98357372E-01   0.16834578E-01   0.40861397E+02   0.20249395E+01
  0.10000000E+01   0.12589254E+03   0.81600000E+06   0.19978116E+01   0.43562652E+00  -0.28720449E+01   0.25349447E+02   0.87830893E-01   0.16397460E-01   0.41891056E+02   0.19639401E+01
  0.10000000E+01   0.13489629E+03   0.79600000E+06   0.19983681E+01   0.46673466E+00  -0.29223620E+01   0.27184007E+02   0.78275199E-01   0.15936362E-01   0.42829801E+02   0.18993887E+01
  0.10000000E+01   0.14454398E+03   0.74200000E+06   0.19984007E+01   0.50058864E+00  -0.29233348E+01   0.29109169E+02   0.69572627E-01   0.15406158E-01   0.43682383E+02   0.18295775E+01
  0.10000000E+01   0.15488166E+03   0.77200000E+06   0.19971698E+01   0.53605411E+00  -0.28865842E+01   0.31164599E+02   0.61652490E-01   0.14862458E-01   0.44459573E+02   0.17602984E+01
  0.10000000E+01   0.16595869E+03   0.60200000E+06   0.19986525E+01   0.57390743E+00  -0.29444237E+01   0.33425394E+02   0.54580891E-01   0.14271092E-01   0.45152035E+02   0.16849690E+01
  0.10000000E+01   0.17782794E+03   0.62900000E+06   0.19977154E+01   0.61665568E+00  -0.28970965E+01   0.35800296E+02   0.48185685E-01   0.13688102E-01   0.45777636E+02   0.16146308E+01
  0.10000000E+01   0.19054607E+03   0.95200000E+06   0.19987381E+01   0.65995829E+00  -0.29375794E+01   0.38402304E+02   0.42514064E-01   0.13071547E-01   0.46334167E+02   0.15384595E+01
  0.10000000E+01   0.20417379E+03   0.77200000E+06   0.19968962E+01   0.70714087E+00  -0.28579862E+01   0.41132251E+02   0.37399373E-01   0.12451258E-01   0.46835634E+02   0.14639997E+01
  0.10000000E+01   0.21877616E+03   0.84400000E+06   0.19985718E+01   0.75705153E+00  -0.29668032E+01   0.44027650E+02   0.32909034E-01   0.11821240E-01   0.47275957E+02   0.13919788E+01
  0.10000000E+01   0.23442288E+03   0.71400000E+06   0.19982287E+01   0.81158819E+00  -0.28756027E+01   0.47185461E+02   0.28897976E-01   0.11211645E-01   0.47666724E+02   0.13213606E+01
  0.10000000E+01   0.25118864E+03   0.78000000E+06   0.19972069E+01   0.87048037E+00  -0.28587203E+01   0.50636048E+02   0.25355871E-01   0.10635327E-01   0.48015059E+02   0.12543747E+01
  0.10000000E+01   0.26915348E+03   0.89800000E+06   0.19980360E+01   0.93177247E+00  -0.28921358E+01   0.54198165E+02   0.22231315E-01   0.10036228E-01   0.48320602E+02   0.11887322E+01
  0.10000000E+01   0.28840315E+03   0.47400000E+06   0.19981295E+01   0.99881813E+00  -0.28344046E+01   0.58110779E+02   0.19468576E-01   0.94696034E-02   0.48590940E+02   0.11227761E+01
  0.10000000E+01   0.30902954E+03   0.86400000E+06   0.19975517E+01   0.10693141E+01  -0.28897020E+01   0.62231561E+02   0.17039328E-01   0.89143378E-02   0.48830577E+02   0.10608730E+01
  0.10000000E+01   0.33113112E+03   0.78300000E+06   0.19997489E+01   0.11465079E+01  -0.29339086E+01   0.66654269E+02   0.14917736E-01   0.83975205E-02   0.49036706E+02   0.10052154E+01
  0.10000000E+01   0.35481339E+03   0.76500000E+06   0.19998465E+01   0.12299409E+01  -0.30246503E+01   0.71553733E+02   0.13041689E-01   0.79013870E-02   0.49222498E+02   0.94970756E+00
  0.10000000E+01   0.38018940E+03   0.86500000E+06   0.19958415E+01   0.13150384E+01  -0.27658088E+01   0.76532762E+02   0.11376854E-01   0.74088014E-02   0.49384794E+02   0.89595859E+00
  0.10000000E+01   0.40738028E+03   0.84300000E+06   0.19968423E+01   0.14088283E+01  -0.29282993E+01   0.82028119E+02   0.99435894E-02   0.69587971E-02   0.49526474E+02   0.84802164E+00
  0.10000000E+01   0.43651583E+03   0.69500000E+06   0.19966387E+01   0.15108809E+01  -0.27810289E+01   0.87860814E+02   0.86810333E-02   0.65263387E-02   0.49648425E+02   0.80426897E+00
  0.10000000E+01   0.46773514E+03   0.78300000E+06   0.19984630E+01   0.16180327E+01  -0.29571611E+01   0.94195910E+02   0.75822744E-02   0.61110463E-02   0.49757573E+02   0.75800934E+00
  0.10000000E+01   0.50118723E+03   0.10000000E+07   0.20000732E+01   0.17337772E+01  -0.29075720E+01   0.10096536E+03   0.66234087E-02   0.57284545E-02   0.49850524E+02   0.72013614E+00
  0.10000000E+01   0.53703180E+03   0.98500000E+06   0.19981053E+01   0.18572781E+01  -0.29069388E+01   0.10812370E+03   0.57732599E-02   0.53617127E-02   0.49934379E+02   0.68260823E+00
  0.10000000E+01   0.57543994E+03   0.10400000E+07   0.19996230E+01   0.19930259E+01  -0.30548487E+01   0.11604234E+03   0.50369405E-02   0.50226296E-02   0.50007234E+02   0.64671962E+00
  0.10000000E+01   0.61659500E+03   0.75700000E+06   0.19959293E+01   0.21367260E+01  -0.27185613E+01   0.12434167E+03   0.43845113E-02   0.47017383E-02   0.50070434E+02   0.61575399E+00
  0.10000000E+01   0.66069345E+03   0.11900000E+07   0.20004464E+01   0.22868940E+01  -0.30678985E+01   0.13311049E+03   0.38331641E-02   0.43947810E-02   0.50124891E+02   0.58534846E+00
  0.10000000E+01   0.70794578E+03   0.83400000E+06   0.19967695E+01   0.24512160E+01  -0.28532479E+01   0.14262322E+03   0.33348408E-02   0.41100877E-02   0.50173108E+02   0.55948511E+00
  0.10000000E+01   0.75857758E+03   0.71500000E+06   0.19984055E+01   0.26273979E+01  -0.27757090E+01   0.15299342E+03   0.29100468E-02   0.38429149E-02   0.50214821E+02   0.53414689E+00
  0.10000000E+01   0.81283052E+03   0.67500000E+06   0.19941037E+01   0.28157083E+01  -0.27868502E+01   0.16382855E+03   0.25311809E-02   0.35945476E-02   0.50252270E+02   0.51191860E+00
  0.10000000E+01   0.87096359E+03   0.11980000E+07   0.19963157E+01   0.30155589E+01  -0.28639555E+01   0.17538813E+03   0.22075536E-02   0.33544089E-02   0.50283428E+02   0.49036070E+00
  0.10000000E+01   0.93325430E+03   0.13250000E+07   0.19971714E+01   0.32274879E+01  -0.28567422E+01   0.18763823E+03   0.19244778E-02   0.31305439E-02   0.50310938E+02   0.47061503E+00
  0.10000000E+01   0.10000000E+04   0.95000000E+06   0.19974420E+01   0.34613819E+01  -0.30470265E+01   0.20150752E+03   0.16771655E-02   0.29254437E-02   0.50336501E+02   0.45345075E+00
