  0.50000000E+02   0.10000000E+01   0.17910000E+07   0.50570834E+00   0.70160817E-01   0.72464076E+02   0.43694436E+01   0.49982160E+00   0.86569275E-01   0.15125679E+01   0.98505002E+01
  0.50000000E+02   0.10715193E+01   0.15650000E+07   0.50562924E+00   0.70266070E-01   0.72468807E+02   0.43728204E+01   0.49983983E+00   0.86724198E-01   0.15095161E+01   0.98611023E+01
  0.50000000E+02   0.11481536E+01   0.10010000E+07   0.50564613E+00   0.70176073E-01   0.72462806E+02   0.43686514E+01   0.49982027E+00   0.86492619E-01   0.15212595E+01   0.98357158E+01
  0.50000000E+02   0.12302688E+01   0.12960000E+07   0.50578157E+00   0.70121815E-01   0.72460212E+02   0.43671575E+01   0.49979960E+00   0.86635015E-01   0.15153354E+01   0.98529571E+01
  0.50000000E+02   0.13182567E+01   0.10370000E+07   0.50561757E+00   0.70176988E-01   0.72469882E+02   0.43654068E+01   0.49975473E+00   0.86495258E-01   0.15179357E+01   0.98499586E+01
  0.50000000E+02   0.14125375E+01   0.99900000E+06   0.50559998E+00   0.70188793E-01   0.72468202E+02   0.43659333E+01   0.49972935E+00   0.86537896E-01   0.15253019E+01   0.98524529E+01
  0.50000000E+02   0.15135612E+01   0.17160000E+07   0.50561097E+00   0.70227158E-01   0.72465124E+02   0.43710254E+01   0.49962384E+00   0.86620576E-01   0.15398185E+01   0.98520035E+01
  0.50000000E+02   0.16218101E+01   0.99900000E+06   0.50569726E+00   0.70166811E-01   0.72457563E+02   0.43711469E+01   0.49962251E+00   0.86520940E-01   0.15458665E+01   0.98437541E+01
  0.50000000E+02   0.17378008E+01   0.14730000E+07   0.50549172E+00   0.70265424E-01   0.72470997E+02   0.43740664E+01   0.49942891E+00   0.86618518E-01   0.15599384E+01   0.98534393E+01
  0.50000000E+02   0.18620871E+01   0.12280000E+07   0.50564063E+00   0.70174869E-01   0.72469026E+02   0.43679795E+01   0.49942598E+00   0.86556606E-01   0.15491154E+01   0.98472692E+01
  0.50000000E+02   0.19952623E+01   0.14610000E+07   0.50566064E+00   0.70234842E-01   0.72465213E+02   0.43740988E+01   0.49938120E+00   0.86602515E-01   0.15586387E+01   0.98496070E+01
  0.50000000E+02   0.21379621E+01   0.86800000E+06   0.50563689E+00   0.70214081E-01   0.72463889E+02   0.43733316E+01   0.49931772E+00   0.86567793E-01   0.15703871E+01   0.98495598E+01
  0.50000000E+02   0.22908677E+01   0.10370000E+07   0.50554541E+00   0.70307478E-01   0.72471594E+02   0.43804580E+01   0.49914246E+00   0.86494902E-01   0.15809125E+01   0.98368057E+01
  0.50000000E+02   0.24547089E+01   0.15880000E+07   0.50557814E+00   0.70195490E-01   0.72471527E+02   0.43736958E+01   0.49899614E+00   0.86522101E-01   0.15925798E+01   0.98443678E+01
  0.50000000E+02   0.26302680E+01   0.91400000E+06   0.50570845E+00   0.70336801E-01   0.72462664E+02   0.43822972E+01   0.49903023E+00   0.86572384E-01   0.15936494E+01   0.98474890E+01
  0.50000000E+02   0.28183829E+01   0.12930000E+07   0.50572922E+00   0.70370725E-01   0.72460903E+02   0.43864007E+01   0.49882327E+00   0.86536160E-01   0.16145711E+01   0.98458449E+01
  0.50000000E+02   0.30199517E+01   0.11250000E+07   0.50564941E+00   0.70359757E-01   0.72466032E+02   0.43838773E+01   0.49869438E+00   0.86556240E-01   0.16264987E+01   0.98558834E+01
  0.50000000E+02   0.32359366E+01   0.14660000E+07   0.50559100E+00   0.70445852E-01   0.72470006E+02   0.43883213E+01   0.49844008E+00   0.86555590E-01   0.16487980E+01   0.98530468E+01
  0.50000000E+02   0.34673685E+01   0.18260000E+07   0.50572278E+00   0.70368672E-01   0.72457095E+02   0.43910916E+01   0.49829502E+00   0.86466801E-01   0.16733772E+01   0.98363244E+01
  0.50000000E+02   0.37153523E+01   0.98600000E+06   0.50581284E+00   0.70450071E-01   0.72456407E+02   0.43950302E+01   0.49820744E+00   0.86395798E-01   0.16762034E+01   0.98456370E+01
  0.50000000E+02   0.39810717E+01   0.76500000E+06   0.50561909E+00   0.70459604E-01   0.72464147E+02   0.43964676E+01   0.49774096E+00   0.86474909E-01   0.17256683E+01   0.98402295E+01
  0.50000000E+02   0.42657952E+01   0.89000000E+06   0.50555977E+00   0.70419653E-01   0.72471343E+02   0.43913339E+01   0.49731357E+00   0.86416871E-01   0.17604443E+01   0.98409776E+01
  0.50000000E+02   0.45708819E+01   0.89100000E+06   0.50569889E+00   0.70676639E-01   0.72462885E+02   0.44163348E+01   0.49695472E+00   0.86431385E-01   0.17966194E+01   0.98347682E+01
  0.50000000E+02   0.48977882E+01   0.12340000E+07   0.50562893E+00   0.70730093E-01   0.72465017E+02   0.44176875E+01   0.49645165E+00   0.86399960E-01   0.18501983E+01   0.98344151E+01
  0.50000000E+02   0.52480746E+01   0.11550000E+07   0.50576456E+00   0.70734769E-01   0.72459909E+02   0.44212003E+01   0.49603136E+00   0.86294074E-01   0.18856234E+01   0.98237045E+01
  0.50000000E+02   0.56234133E+01   0.65200000E+06   0.50567287E+00   0.70708971E-01   0.72460087E+02   0.44247189E+01   0.49561623E+00   0.86252188E-01   0.19357662E+01   0.98279761E+01
  0.50000000E+02   0.60255959E+01   0.10090000E+07   0.50566094E+00   0.70938703E-01   0.72461654E+02   0.44387269E+01   0.49474542E+00   0.86257888E-01   0.20188040E+01   0.98242388E+01
  0.50000000E+02   0.64565423E+01   0.12640000E+07   0.50576172E+00   0.71004889E-01   0.72458869E+02   0.44526906E+01   0.49405467E+00   0.86227731E-01   0.20831972E+01   0.98199429E+01
  0.50000000E+02   0.69183097E+01   0.14010000E+07   0.50565659E+00   0.71215094E-01   0.72464569E+02   0.44671662E+01   0.49319384E+00   0.86254258E-01   0.21664069E+01   0.98251753E+01
  0.50000000E+02   0.74131024E+01   0.13510000E+07   0.50558472E+00   0.71321922E-01   0.72470949E+02   0.44785180E+01   0.49221148E+00   0.86182262E-01   0.22588891E+01   0.98210796E+01
  0.50000000E+02   0.79432823E+01   0.15760000E+07   0.50554574E+00   0.71495485E-01   0.72468334E+02   0.44958696E+01   0.49098783E+00   0.86169073E-01   0.23857254E+01   0.98266812E+01
  0.50000000E+02   0.85113804E+01   0.13050000E+07   0.50557002E+00   0.71774791E-01   0.72470591E+02   0.45162284E+01   0.48960982E+00   0.85971975E-01   0.25143213E+01   0.98016272E+01
  0.50000000E+02   0.91201084E+01   0.14380000E+07   0.50577273E+00   0.72013337E-01   0.72452598E+02   0.45380238E+01   0.48825400E+00   0.85907436E-01   0.26619935E+01   0.98007738E+01
  0.50000000E+02   0.97723722E+01   0.91400000E+06   0.50571632E+00   0.72193888E-01   0.72459066E+02   0.45546880E+01   0.48662935E+00   0.85820899E-01   0.28147280E+01   0.97943439E+01
  0.50000000E+02   0.10471285E+02   0.16050000E+07   0.50568877E+00   0.72522262E-01   0.72462008E+02   0.45845571E+01   0.48455951E+00   0.85716818E-01   0.30125154E+01   0.97862956E+01
  0.50000000E+02   0.11220185E+02   0.12070000E+07   0.50553449E+00   0.72900444E-01   0.72467641E+02   0.46194893E+01   0.48215630E+00   0.85607159E-01   0.32539773E+01   0.97784020E+01
  0.50000000E+02   0.12022644E+02   0.63000000E+06   0.50563127E+00   0.73125943E-01   0.72461864E+02   0.46539601E+01   0.47984097E+00   0.85423139E-01   0.34778804E+01   0.97607055E+01
  0.50000000E+02   0.12882496E+02   0.11320000E+07   0.50570940E+00   0.73745218E-01   0.72464142E+02   0.46946152E+01   0.47694358E+00   0.85266272E-01   0.37571328E+01   0.97663274E+01
  0.50000000E+02   0.13803843E+02   0.13950000E+07   0.50562460E+00   0.74207403E-01   0.72467023E+02   0.47397900E+01   0.47360319E+00   0.85082000E-01   0.40854756E+01   0.97421478E+01
  0.50000000E+02   0.14791084E+02   0.10650000E+07   0.50574203E+00   0.74780405E-01   0.72459834E+02   0.47934009E+01   0.47006748E+00   0.84737833E-01   0.44357116E+01   0.97198137E+01
  0.50000000E+02   0.15848932E+02   0.74900000E+06   0.50570793E+00   0.75556057E-01   0.72463321E+02   0.48584716E+01   0.46588579E+00   0.84486018E-01   0.48400772E+01   0.97026581E+01
  0.50000000E+02   0.16982437E+02   0.80400000E+06   0.50559168E+00   0.76227190E-01   0.72468913E+02   0.49189001E+01   0.46125892E+00   0.84220977E-01   0.52946753E+01   0.96835548E+01
  0.50000000E+02   0.18197009E+02   0.10510000E+07   0.50561924E+00   0.77030694E-01   0.72470876E+02   0.49966755E+01   0.45599931E+00   0.83823790E-01   0.58048891E+01   0.96551358E+01
  0.50000000E+02   0.19498446E+02   0.87600000E+06   0.50569696E+00   0.78037190E-01   0.72458321E+02   0.50870753E+01   0.45006921E+00   0.83378582E-01   0.63940259E+01   0.96195948E+01
  0.50000000E+02   0.20892961E+02   0.76200000E+06   0.50566450E+00   0.79142543E-01   0.72464283E+02   0.51838041E+01   0.44349647E+00   0.83049050E-01   0.70415542E+01   0.96030478E+01
  0.50000000E+02   0.22387211E+02   0.10600000E+07   0.50566387E+00   0.80428102E-01   0.72465452E+02   0.52981957E+01   0.43618599E+00   0.82373157E-01   0.77511651E+01   0.95433290E+01
  0.50000000E+02   0.23988329E+02   0.11090000E+07   0.50559477E+00   0.81788826E-01   0.72469043E+02   0.54210222E+01   0.42809950E+00   0.81723617E-01   0.85454432E+01   0.94984716E+01
  0.50000000E+02   0.25703958E+02   0.10510000E+07   0.50560296E+00   0.83462532E-01   0.72465455E+02   0.55621357E+01   0.41905858E+00   0.81042486E-01   0.94338947E+01   0.94469463E+01
  0.50000000E+02   0.27542287E+02   0.82300000E+06   0.50590002E+00   0.85132791E-01   0.72450881E+02   0.57111591E+01   0.40939372E+00   0.80091154E-01   0.10380831E+02   0.93732122E+01
  0.50000000E+02   0.29512092E+02   0.93100000E+06   0.50564857E+00   0.87222430E-01   0.72470202E+02   0.58841609E+01   0.39849202E+00   0.79249545E-01   0.11441771E+02   0.93058510E+01
  0.50000000E+02   0.31622777E+02   0.90800000E+06   0.50573539E+00   0.89475864E-01   0.72456148E+02   0.60904487E+01   0.38697257E+00   0.78275044E-01   0.12578979E+02   0.92374892E+01
  0.50000000E+02   0.33884416E+02   0.48900000E+06   0.50556777E+00   0.92086438E-01   0.72462160E+02   0.63082890E+01   0.37425336E+00   0.77135539E-01   0.13830861E+02   0.91549509E+01
  0.50000000E+02   0.36307805E+02   0.10030000E+07   0.50570351E+00   0.94771493E-01   0.72469917E+02   0.65413904E+01   0.36082561E+00   0.75856787E-01   0.15129473E+02   0.90584622E+01
  0.50000000E+02   0.38904514E+02   0.64400000E+06   0.50567299E+00   0.97931526E-01   0.72462514E+02   0.67859714E+01   0.34647851E+00   0.74411347E-01   0.16545655E+02   0.89521483E+01
  0.50000000E+02   0.41686938E+02   0.66000000E+06   0.50582819E+00   0.10146750E+00   0.72458306E+02   0.70920295E+01   0.33125015E+00   0.72860519E-01   0.18024959E+02   0.88354516E+01
  0.50000000E+02   0.44668359E+02   0.10440000E+07   0.50548216E+00   0.10527475E+00   0.72477094E+02   0.74046344E+01   0.31540427E+00   0.71374936E-01   0.19585469E+02   0.87275394E+01
  0.50000000E+02   0.47863009E+02   0.85600000E+06   0.50559993E+00   0.10943550E+00   0.72461567E+02   0.77524913E+01   0.29908662E+00   0.69690358E-01   0.21196476E+02   0.85906501E+01
  0.50000000E+02   0.51286138E+02   0.92500000E+06   0.50546842E+00   0.11429884E+00   0.72463459E+02   0.81478903E+01   0.28201833E+00   0.67844341E-01   0.22868695E+02   0.84469056E+01
  0.50000000E+02   0.54954087E+02   0.99600000E+06   0.50569738E+00   0.11944192E+00   0.72454396E+02   0.85722731E+01   0.26485719E+00   0.65853695E-01   0.24547255E+02   0.82960136E+01
  0.50000000E+02   0.58884366E+02   0.73100000E+06   0.50568621E+00   0.12491767E+00   0.72461782E+02   0.90181637E+01   0.24761108E+00   0.63919075E-01   0.26241267E+02   0.81435029E+01
  0.50000000E+02   0.63095734E+02   0.75200000E+06   0.50540938E+00   0.13121682E+00   0.72476652E+02   0.95128993E+01   0.23019328E+00   0.61905654E-01   0.27950320E+02   0.80109348E+01
  0.50000000E+02   0.67608298E+02   0.97500000E+06   0.50574633E+00   0.13775626E+00   0.72450302E+02   0.10042972E+02   0.21319231E+00   0.59644775E-01   0.29611599E+02   0.78385962E+01
  0.50000000E+02   0.72443596E+02   0.85000000E+06   0.50555384E+00   0.14520647E+00   0.72482292E+02   0.10639007E+02   0.19628056E+00   0.57557358E-01   0.31260993E+02   0.76811078E+01
  0.50000000E+02   0.77624712E+02   0.62700000E+06   0.50561007E+00   0.15317799E+00   0.72468128E+02   0.11271194E+02   0.18007381E+00   0.55324339E-01   0.32857919E+02   0.75110061E+01
  0.50000000E+02   0.83176377E+02   0.83000000E+06   0.50593015E+00   0.16210220E+00   0.72444013E+02   0.11971531E+02   0.16446645E+00   0.53154228E-01   0.34384498E+02   0.73630836E+01
  0.50000000E+02   0.89125094E+02   0.77100000E+06   0.50589088E+00   0.17146324E+00   0.72448484E+02   0.12704040E+02   0.14951444E+00   0.50891466E-01   0.35849779E+02   0.72057494E+01
  0.50000000E+02   0.95499259E+02   0.90600000E+06   0.50573329E+00   0.18154160E+00   0.72477357E+02   0.13502748E+02   0.13535223E+00   0.48660560E-01   0.37234077E+02   0.70433131E+01
  0.50000000E+02   0.10232930E+03   0.98800000E+06   0.50581615E+00   0.19273864E+00   0.72457852E+02   0.14374803E+02   0.12215576E+00   0.46525712E-01   0.38523305E+02   0.68999561E+01
  0.50000000E+02   0.10964782E+03   0.10430000E+07   0.50593459E+00   0.20473607E+00   0.72458260E+02   0.15304028E+02   0.10982169E+00   0.44334916E-01   0.39738304E+02   0.67584574E+01
  0.50000000E+02   0.11748976E+03   0.65600000E+06   0.50575981E+00   0.21807204E+00   0.72458966E+02   0.16333519E+02   0.98386466E-01   0.42288058E-01   0.40866343E+02   0.66161731E+01
  0.50000000E+02   0.12589254E+03   0.95300000E+06   0.50591696E+00   0.23173741E+00   0.72456314E+02   0.17404653E+02   0.87897131E-01   0.40079814E-01   0.41885181E+02   0.64803654E+01
  0.50000000E+02   0.13489629E+03   0.65000000E+06   0.50603539E+00   0.24723364E+00   0.72448269E+02   0.18592940E+02   0.78302485E-01   0.38047413E-01   0.42821294E+02   0.63539732E+01
  0.50000000E+02   0.14454398E+03   0.10230000E+07   0.50522479E+00   0.26335645E+00   0.72504981E+02   0.19869141E+02   0.69496633E-01   0.36068039E-01   0.43690844E+02   0.62271646E+01
  0.50000000E+02   0.15488166E+03   0.99500000E+06   0.50604701E+00   0.28071517E+00   0.72434405E+02   0.21172580E+02   0.61721610E-01   0.34100801E-01   0.44451965E+02   0.61144545E+01
  0.50000000E+02   0.16595869E+03   0.87700000E+06   0.50558978E+00   0.29978232E+00   0.72495190E+02   0.22661114E+02   0.54551060E-01   0.32214895E-01   0.45149023E+02   0.59976688E+01
  0.50000000E+02   0.17782794E+03   0.94900000E+06   0.50568112E+00   0.31968216E+00   0.72455332E+02   0.24193481E+02   0.48198074E-01   0.30366826E-01   0.45783873E+02   0.59052198E+01
  0.50000000E+02   0.19054607E+03   0.96200000E+06   0.50553454E+00   0.34167685E+00   0.72470136E+02   0.25872264E+02   0.42492040E-01   0.28632542E-01   0.46334719E+02   0.58061676E+01
  0.50000000E+02   0.20417379E+03   0.89100000E+06   0.50542978E+00   0.36528021E+00   0.72497463E+02   0.27689991E+02   0.37393561E-01   0.26963876E-01   0.46837125E+02   0.57342710E+01
  0.50000000E+02   0.21877616E+03   0.10460000E+07   0.50579929E+00   0.39022464E+00   0.72470033E+02   0.29591091E+02   0.32905904E-01   0.25355096E-01   0.47278637E+02   0.56520931E+01
  0.50000000E+02   0.23442288E+03   0.97300000E+06   0.50534223E+00   0.41751431E+00   0.72423350E+02   0.31717176E+02   0.28872125E-01   0.23817641E-01   0.47676865E+02   0.55900592E+01
  0.50000000E+02   0.25118864E+03   0.91800000E+06   0.50590284E+00   0.44627508E+00   0.72432670E+02   0.33874465E+02   0.25353856E-01   0.22358990E-01   0.48022396E+02   0.55251361E+01
  0.50000000E+02   0.26915348E+03   0.81000000E+06   0.50521953E+00   0.47718257E+00   0.72539229E+02   0.36250090E+02   0.22209162E-01   0.20973687E-01   0.48313488E+02   0.54674284E+01
  0.50000000E+02   0.28840315E+03   0.79200000E+06   0.50617075E+00   0.51189801E+00   0.72441452E+02   0.38902232E+02   0.19474775E-01   0.19715941E-01   0.48591403E+02   0.54148163E+01
  0.50000000E+02   0.30902954E+03   0.54000000E+06   0.50607226E+00   0.54686159E+00   0.72500212E+02   0.41575962E+02   0.17043641E-01   0.18433895E-01   0.48837261E+02   0.53709512E+01
  0.50000000E+02   0.33113112E+03   0.12920000E+07   0.50531796E+00   0.58472009E+00   0.72459153E+02   0.44516669E+02   0.14896043E-01   0.17264249E-01   0.49036862E+02   0.53260079E+01
  0.50000000E+02   0.35481339E+03   0.10590000E+07   0.50644145E+00   0.62610001E+00   0.72461812E+02   0.47716440E+02   0.13042665E-01   0.16153119E-01   0.49217163E+02   0.52966603E+01
  0.50000000E+02   0.38018940E+03   0.13320000E+07   0.50519399E+00   0.67138586E+00   0.72482107E+02   0.51098187E+02   0.11377095E-01   0.15144201E-01   0.49375645E+02   0.52615792E+01
  0.50000000E+02   0.40738028E+03   0.13150000E+07   0.50584684E+00   0.71902727E+00   0.72453212E+02   0.54730139E+02   0.99497956E-02   0.14169327E-01   0.49520379E+02   0.52403481E+01
  0.50000000E+02   0.43651583E+03   0.11850000E+07   0.50547454E+00   0.76966110E+00   0.72431874E+02   0.58599648E+02   0.86814109E-02   0.13253211E-01   0.49646385E+02   0.52071949E+01
  0.50000000E+02   0.46773514E+03   0.13100000E+07   0.50610484E+00   0.82369684E+00   0.72491099E+02   0.62783082E+02   0.75862784E-02   0.12380015E-01   0.49754279E+02   0.51857832E+01
  0.50000000E+02   0.50118723E+03   0.13020000E+07   0.50520413E+00   0.88201019E+00   0.72421243E+02   0.67268369E+02   0.66098591E-02   0.11571716E-01   0.49854080E+02   0.51718125E+01
  0.50000000E+02   0.53703180E+03   0.13820000E+07   0.50549035E+00   0.94459580E+00   0.72444046E+02   0.72064462E+02   0.57685065E-02   0.10815954E-01   0.49938917E+02   0.51536565E+01
  0.50000000E+02   0.57543994E+03   0.11540000E+07   0.50638083E+00   0.10122125E+01   0.72422285E+02   0.77217770E+02   0.50385623E-02   0.10105539E-01   0.50005664E+02   0.51362888E+01
  0.50000000E+02   0.61659500E+03   0.15720000E+07   0.50405239E+00   0.10844799E+01   0.72559221E+02   0.82676450E+02   0.43751600E-02   0.94432629E-02   0.50069573E+02   0.51274966E+01
  0.50000000E+02   0.66069345E+03   0.15730000E+07   0.50660936E+00   0.11619624E+01   0.72494744E+02   0.88612359E+02   0.38362988E-02   0.88247810E-02   0.50121539E+02   0.51139000E+01
  0.50000000E+02   0.70794578E+03   0.13030000E+07   0.50565046E+00   0.12444353E+01   0.72482778E+02   0.94926766E+02   0.33340844E-02   0.82409545E-02   0.50175528E+02   0.51030531E+01
  0.50000000E+02   0.75857758E+03   0.93600000E+06   0.50397153E+00   0.13326081E+01   0.72588663E+02   0.10167514E+03   0.28979707E-02   0.76949921E-02   0.50216660E+02   0.50953548E+01
  0.50000000E+02   0.81283052E+03   0.16010000E+07   0.50544952E+00   0.14277447E+01   0.72545615E+02   0.10889275E+03   0.25333795E-02   0.71853788E-02   0.50258095E+02   0.50843462E+01
  0.50000000E+02   0.87096359E+03   0.19820000E+07   0.50340027E+00   0.15288134E+01   0.72496223E+02   0.11667078E+03   0.21987048E-02   0.67092475E-02   0.50286439E+02   0.50837979E+01
  0.50000000E+02   0.93325430E+03   0.12530000E+07   0.50468672E+00   0.16393762E+01   0.72601569E+02   0.12514288E+03   0.19213839E-02   0.62652368E-02   0.50309817E+02   0.50749321E+01
  0.50000000E+02   0.10000000E+04   0.15950000E+07   0.50634868E+00   0.17549077E+01   0.72427934E+02   0.13396884E+03   0.16797725E-02   0.58459091E-02   0.50337203E+02   0.50659511E+01
