  0.30000000E+02   0.10000000E+01   0.12420000E+07   0.97152702E+00   0.72217168E-01   0.48940400E+02   0.46770095E+01   0.49987938E+00   0.51968166E-01   0.15090877E+01   0.59114372E+01
  0.30000000E+02   0.10715193E+01   0.54900000E+06   0.97145300E+00   0.72341973E-01   0.48944682E+02   0.46837591E+01   0.49971237E+00   0.51896761E-01   0.15246823E+01   0.59095925E+01
  0.30000000E+02   0.11481536E+01   0.10840000E+07   0.97142896E+00   0.72242362E-01   0.48944199E+02   0.46758864E+01   0.49980565E+00   0.52048959E-01   0.15177134E+01   0.59169680E+01
  0.30000000E+02   0.12302688E+01   0.88500000E+06   0.97125869E+00   0.72353019E-01   0.48956733E+02   0.46787476E+01   0.49983053E+00   0.51934418E-01   0.15112158E+01   0.59084921E+01
  0.30000000E+02   0.13182567E+01   0.86500000E+06   0.97150898E+00   0.72165565E-01   0.48935793E+02   0.46742061E+01   0.49972638E+00   0.51931560E-01   0.15296216E+01   0.59067947E+01
  0.30000000E+02   0.14125375E+01   0.78400000E+06   0.97157687E+00   0.72164271E-01   0.48937552E+02   0.46712949E+01   0.49963970E+00   0.51998682E-01   0.15332274E+01   0.59136925E+01
  0.30000000E+02   0.15135612E+01   0.12810000E+07   0.97138106E+00   0.72269541E-01   0.48949205E+02   0.46779277E+01   0.49971685E+00   0.51934316E-01   0.15235767E+01   0.59114677E+01
  0.30000000E+02   0.16218101E+01   0.10340000E+07   0.97129835E+00   0.72255132E-01   0.48949667E+02   0.46761053E+01   0.49961975E+00   0.51932043E-01   0.15368864E+01   0.59119931E+01
  0.30000000E+02   0.17378008E+01   0.17710000E+07   0.97141249E+00   0.72305971E-01   0.48940940E+02   0.46799558E+01   0.49954814E+00   0.51982714E-01   0.15470135E+01   0.59134067E+01
  0.30000000E+02   0.18620871E+01   0.11920000E+07   0.97135030E+00   0.72253815E-01   0.48944834E+02   0.46785673E+01   0.49945376E+00   0.51916866E-01   0.15555426E+01   0.59069074E+01
  0.30000000E+02   0.19952623E+01   0.12470000E+07   0.97134520E+00   0.72402118E-01   0.48944693E+02   0.46843200E+01   0.49936631E+00   0.52009899E-01   0.15647590E+01   0.59157286E+01
  0.30000000E+02   0.21379621E+01   0.10000000E+07   0.97144101E+00   0.72338625E-01   0.48946823E+02   0.46790941E+01   0.49927251E+00   0.51924072E-01   0.15667151E+01   0.59095186E+01
  0.30000000E+02   0.22908677E+01   0.10290000E+07   0.97145269E+00   0.72455929E-01   0.48942856E+02   0.46862283E+01   0.49921576E+00   0.52012700E-01   0.15760070E+01   0.59123125E+01
  0.30000000E+02   0.24547089E+01   0.11400000E+07   0.97141796E+00   0.72442663E-01   0.48945341E+02   0.46881439E+01   0.49908788E+00   0.51953701E-01   0.15873864E+01   0.59105434E+01
  0.30000000E+02   0.26302680E+01   0.12860000E+07   0.97133063E+00   0.72508931E-01   0.48947128E+02   0.46922614E+01   0.49898293E+00   0.51913859E-01   0.16005922E+01   0.59062164E+01
  0.30000000E+02   0.28183829E+01   0.15620000E+07   0.97138807E+00   0.72443163E-01   0.48947634E+02   0.46887631E+01   0.49877032E+00   0.51951885E-01   0.16178423E+01   0.59111455E+01
  0.30000000E+02   0.30199517E+01   0.10240000E+07   0.97146197E+00   0.72617953E-01   0.48943175E+02   0.46996180E+01   0.49867464E+00   0.51971383E-01   0.16281704E+01   0.59127917E+01
  0.30000000E+02   0.32359366E+01   0.10380000E+07   0.97149413E+00   0.72624987E-01   0.48940090E+02   0.47049104E+01   0.49848457E+00   0.51951922E-01   0.16475830E+01   0.59100058E+01
  0.30000000E+02   0.34673685E+01   0.10020000E+07   0.97147118E+00   0.72709345E-01   0.48943615E+02   0.47042076E+01   0.49820366E+00   0.51985879E-01   0.16734793E+01   0.59218978E+01
  0.30000000E+02   0.37153523E+01   0.10400000E+07   0.97138183E+00   0.72744598E-01   0.48945292E+02   0.47105480E+01   0.49806065E+00   0.51967931E-01   0.16898438E+01   0.59192649E+01
  0.30000000E+02   0.39810717E+01   0.12200000E+07   0.97145252E+00   0.72902204E-01   0.48942908E+02   0.47156057E+01   0.49769902E+00   0.51972375E-01   0.17242857E+01   0.59143561E+01
  0.30000000E+02   0.42657952E+01   0.11130000E+07   0.97141622E+00   0.72864141E-01   0.48936733E+02   0.47208426E+01   0.49736094E+00   0.51911850E-01   0.17650259E+01   0.59064360E+01
  0.30000000E+02   0.45708819E+01   0.14750000E+07   0.97142700E+00   0.73035629E-01   0.48941827E+02   0.47280907E+01   0.49705584E+00   0.51932939E-01   0.17896999E+01   0.59153473E+01
  0.30000000E+02   0.48977882E+01   0.61900000E+06   0.97133864E+00   0.73104877E-01   0.48947816E+02   0.47313491E+01   0.49656741E+00   0.51933062E-01   0.18358395E+01   0.59136020E+01
  0.30000000E+02   0.52480746E+01   0.13020000E+07   0.97141815E+00   0.73270046E-01   0.48944182E+02   0.47427927E+01   0.49602452E+00   0.51952617E-01   0.18889470E+01   0.59161518E+01
  0.30000000E+02   0.56234133E+01   0.11180000E+07   0.97145920E+00   0.73560321E-01   0.48943395E+02   0.47634202E+01   0.49536747E+00   0.51916705E-01   0.19517990E+01   0.59108290E+01
  0.30000000E+02   0.60255959E+01   0.95200000E+06   0.97136547E+00   0.73626861E-01   0.48943440E+02   0.47627463E+01   0.49474419E+00   0.51904524E-01   0.20186410E+01   0.59087071E+01
  0.30000000E+02   0.64565423E+01   0.14020000E+07   0.97147390E+00   0.73840512E-01   0.48939845E+02   0.47834418E+01   0.49406878E+00   0.51899319E-01   0.20811469E+01   0.59150464E+01
  0.30000000E+02   0.69183097E+01   0.77800000E+06   0.97140084E+00   0.74160693E-01   0.48941719E+02   0.47987888E+01   0.49309112E+00   0.51897865E-01   0.21791811E+01   0.59156240E+01
  0.30000000E+02   0.74131024E+01   0.61300000E+06   0.97147607E+00   0.74371117E-01   0.48938648E+02   0.48234582E+01   0.49218432E+00   0.51954331E-01   0.22679285E+01   0.59169150E+01
  0.30000000E+02   0.79432823E+01   0.12990000E+07   0.97155061E+00   0.74712890E-01   0.48937044E+02   0.48394898E+01   0.49098889E+00   0.51921850E-01   0.23826584E+01   0.59179065E+01
  0.30000000E+02   0.85113804E+01   0.12090000E+07   0.97129237E+00   0.75078177E-01   0.48952570E+02   0.48633485E+01   0.48971896E+00   0.51898001E-01   0.25052135E+01   0.59188703E+01
  0.30000000E+02   0.91201084E+01   0.11620000E+07   0.97127161E+00   0.75505484E-01   0.48952283E+02   0.48919563E+01   0.48825737E+00   0.51941522E-01   0.26499388E+01   0.59243814E+01
  0.30000000E+02   0.97723722E+01   0.97900000E+06   0.97134002E+00   0.75940939E-01   0.48944608E+02   0.49234985E+01   0.48642481E+00   0.51980335E-01   0.28328185E+01   0.59347301E+01
  0.30000000E+02   0.10471285E+02   0.10830000E+07   0.97119520E+00   0.76515541E-01   0.48955524E+02   0.49637659E+01   0.48457119E+00   0.51829123E-01   0.30107119E+01   0.59209787E+01
  0.30000000E+02   0.11220185E+02   0.11920000E+07   0.97140995E+00   0.77272013E-01   0.48940813E+02   0.50061359E+01   0.48227321E+00   0.51884759E-01   0.32402613E+01   0.59262590E+01
  0.30000000E+02   0.12022644E+02   0.11400000E+07   0.97154607E+00   0.77848322E-01   0.48932564E+02   0.50435355E+01   0.47987951E+00   0.51763516E-01   0.34760185E+01   0.59219064E+01
  0.30000000E+02   0.12882496E+02   0.12880000E+07   0.97143265E+00   0.78691144E-01   0.48943773E+02   0.50959988E+01   0.47699857E+00   0.51790151E-01   0.37522128E+01   0.59254998E+01
  0.30000000E+02   0.13803843E+02   0.74300000E+06   0.97141478E+00   0.79600179E-01   0.48938670E+02   0.51584483E+01   0.47366508E+00   0.51752392E-01   0.40852939E+01   0.59295319E+01
  0.30000000E+02   0.14791084E+02   0.97500000E+06   0.97140544E+00   0.80693393E-01   0.48939142E+02   0.52275365E+01   0.47004010E+00   0.51701222E-01   0.44409247E+01   0.59242571E+01
  0.30000000E+02   0.15848932E+02   0.97800000E+06   0.97126906E+00   0.81757911E-01   0.48951925E+02   0.53028450E+01   0.46577800E+00   0.51611953E-01   0.48522913E+01   0.59256791E+01
  0.30000000E+02   0.16982437E+02   0.80200000E+06   0.97146966E+00   0.83049327E-01   0.48939109E+02   0.53887718E+01   0.46123401E+00   0.51491259E-01   0.52998891E+01   0.59259048E+01
  0.30000000E+02   0.18197009E+02   0.78800000E+06   0.97155129E+00   0.84672289E-01   0.48940104E+02   0.54914498E+01   0.45600131E+00   0.51434130E-01   0.58094170E+01   0.59307928E+01
  0.30000000E+02   0.19498446E+02   0.12060000E+07   0.97141390E+00   0.86297823E-01   0.48943757E+02   0.55976764E+01   0.45003812E+00   0.51273360E-01   0.63965102E+01   0.59154404E+01
  0.30000000E+02   0.20892961E+02   0.67900000E+06   0.97156339E+00   0.88169041E-01   0.48939525E+02   0.57232269E+01   0.44358547E+00   0.51091057E-01   0.70284758E+01   0.59115072E+01
  0.30000000E+02   0.22387211E+02   0.10550000E+07   0.97142936E+00   0.90369860E-01   0.48941980E+02   0.58661795E+01   0.43617703E+00   0.50807323E-01   0.77546776E+01   0.58986200E+01
  0.30000000E+02   0.23988329E+02   0.55100000E+06   0.97128551E+00   0.92723442E-01   0.48958944E+02   0.60154374E+01   0.42810946E+00   0.50579582E-01   0.85385024E+01   0.58834832E+01
  0.30000000E+02   0.25703958E+02   0.99100000E+06   0.97145863E+00   0.95448910E-01   0.48936879E+02   0.62027010E+01   0.41915237E+00   0.50288014E-01   0.94257706E+01   0.58718200E+01
  0.30000000E+02   0.27542287E+02   0.10410000E+07   0.97135345E+00   0.98313312E-01   0.48947246E+02   0.63884751E+01   0.40929234E+00   0.49817927E-01   0.10387436E+02   0.58423580E+01
  0.30000000E+02   0.29512092E+02   0.11740000E+07   0.97144927E+00   0.10167938E+00   0.48942768E+02   0.66054269E+01   0.39851231E+00   0.49526356E-01   0.11446504E+02   0.58260766E+01
  0.30000000E+02   0.31622777E+02   0.78200000E+06   0.97149427E+00   0.10538851E+00   0.48939660E+02   0.68513411E+01   0.38689630E+00   0.48905722E-01   0.12582399E+02   0.57862347E+01
  0.30000000E+02   0.33884416E+02   0.85100000E+06   0.97142745E+00   0.10936514E+00   0.48947868E+02   0.71071194E+01   0.37428565E+00   0.48321785E-01   0.13818958E+02   0.57463138E+01
  0.30000000E+02   0.36307805E+02   0.94600000E+06   0.97131762E+00   0.11388465E+00   0.48948003E+02   0.74128016E+01   0.36080279E+00   0.47647999E-01   0.15140439E+02   0.57101255E+01
  0.30000000E+02   0.38904514E+02   0.62000000E+06   0.97160816E+00   0.11900076E+00   0.48934824E+02   0.77364585E+01   0.34638456E+00   0.46914891E-01   0.16551901E+02   0.56491393E+01
  0.30000000E+02   0.41686938E+02   0.74300000E+06   0.97151322E+00   0.12450096E+00   0.48935844E+02   0.80960011E+01   0.33127388E+00   0.45964377E-01   0.18038985E+02   0.55891637E+01
  0.30000000E+02   0.44668359E+02   0.84700000E+06   0.97157259E+00   0.13029177E+00   0.48942464E+02   0.84691184E+01   0.31542431E+00   0.45137316E-01   0.19583476E+02   0.55259020E+01
  0.30000000E+02   0.47863009E+02   0.71200000E+06   0.97148574E+00   0.13671931E+00   0.48928892E+02   0.89101416E+01   0.29905801E+00   0.44195607E-01   0.21196327E+02   0.54615649E+01
  0.30000000E+02   0.51286138E+02   0.98900000E+06   0.97125944E+00   0.14408339E+00   0.48950499E+02   0.93867869E+01   0.28209745E+00   0.43159265E-01   0.22855589E+02   0.53876076E+01
  0.30000000E+02   0.54954087E+02   0.33400000E+06   0.97168905E+00   0.15199157E+00   0.48938008E+02   0.98997573E+01   0.26493917E+00   0.41994196E-01   0.24531849E+02   0.52914749E+01
  0.30000000E+02   0.58884366E+02   0.10730000E+07   0.97133375E+00   0.15998449E+00   0.48952946E+02   0.10419502E+02   0.24759179E+00   0.40941540E-01   0.26231625E+02   0.52283839E+01
  0.30000000E+02   0.63095734E+02   0.10060000E+07   0.97136889E+00   0.16960945E+00   0.48950286E+02   0.11038540E+02   0.23019430E+00   0.39764678E-01   0.27936126E+02   0.51358925E+01
  0.30000000E+02   0.67608298E+02   0.81500000E+06   0.97093746E+00   0.17920195E+00   0.48971133E+02   0.11675009E+02   0.21310058E+00   0.38662535E-01   0.29614029E+02   0.50533345E+01
  0.30000000E+02   0.72443596E+02   0.84800000E+06   0.97129748E+00   0.19009927E+00   0.48933322E+02   0.12376706E+02   0.19636657E+00   0.37449697E-01   0.31264542E+02   0.49537864E+01
  0.30000000E+02   0.77624712E+02   0.91700000E+06   0.97112003E+00   0.20196660E+00   0.48948362E+02   0.13165014E+02   0.17999897E+00   0.36227212E-01   0.32860188E+02   0.48574988E+01
  0.30000000E+02   0.83176377E+02   0.97100000E+06   0.97158079E+00   0.21481487E+00   0.48921356E+02   0.14001541E+02   0.16435704E+00   0.34968776E-01   0.34398397E+02   0.47635762E+01
  0.30000000E+02   0.89125094E+02   0.82300000E+06   0.97145102E+00   0.22814668E+00   0.48945241E+02   0.14880646E+02   0.14948492E+00   0.33767932E-01   0.35854925E+02   0.46634733E+01
  0.30000000E+02   0.95499259E+02   0.79100000E+06   0.97125332E+00   0.24283986E+00   0.48955737E+02   0.15826573E+02   0.13531936E+00   0.32485518E-01   0.37240025E+02   0.45741924E+01
  0.30000000E+02   0.10232930E+03   0.99100000E+06   0.97146440E+00   0.25843412E+00   0.48937703E+02   0.16850171E+02   0.12212722E+00   0.31197239E-01   0.38531108E+02   0.44746028E+01
  0.30000000E+02   0.10964782E+03   0.95500000E+06   0.97148835E+00   0.27586004E+00   0.48950474E+02   0.17990460E+02   0.10975876E+00   0.29947114E-01   0.39745429E+02   0.43759326E+01
  0.30000000E+02   0.11748976E+03   0.97300000E+06   0.97151963E+00   0.29412348E+00   0.48922532E+02   0.19184456E+02   0.98359846E-01   0.28696309E-01   0.40865116E+02   0.42834183E+01
  0.30000000E+02   0.12589254E+03   0.91500000E+06   0.97178895E+00   0.31403149E+00   0.48921641E+02   0.20470262E+02   0.87889383E-01   0.27393874E-01   0.41886034E+02   0.41921040E+01
  0.30000000E+02   0.13489629E+03   0.52700000E+06   0.97079062E+00   0.33464704E+00   0.48996202E+02   0.21840985E+02   0.78212229E-01   0.26085509E-01   0.42833732E+02   0.40967354E+01
  0.30000000E+02   0.14454398E+03   0.11530000E+07   0.97174824E+00   0.35795609E+00   0.48940795E+02   0.23350968E+02   0.69591150E-01   0.24886970E-01   0.43676710E+02   0.40116071E+01
  0.30000000E+02   0.15488166E+03   0.97900000E+06   0.97179071E+00   0.38282171E+00   0.48925288E+02   0.24956258E+02   0.61685473E-01   0.23662963E-01   0.44454838E+02   0.39320409E+01
  0.30000000E+02   0.16595869E+03   0.87500000E+06   0.97164989E+00   0.40925005E+00   0.48939366E+02   0.26677550E+02   0.54598370E-01   0.22463308E-01   0.45153956E+02   0.38474502E+01
  0.30000000E+02   0.17782794E+03   0.82800000E+06   0.97205727E+00   0.43758273E+00   0.48916310E+02   0.28517854E+02   0.48215148E-01   0.21242052E-01   0.45774202E+02   0.37720640E+01
  0.30000000E+02   0.19054607E+03   0.11410000E+07   0.97181138E+00   0.46848122E+00   0.48939086E+02   0.30562345E+02   0.42510510E-01   0.20115173E-01   0.46330061E+02   0.37024802E+01
  0.30000000E+02   0.20417379E+03   0.10670000E+07   0.97129607E+00   0.50111213E+00   0.48941945E+02   0.32687362E+02   0.37408445E-01   0.19007820E-01   0.46841428E+02   0.36351551E+01
  0.30000000E+02   0.21877616E+03   0.10630000E+07   0.97164070E+00   0.53569197E+00   0.48962599E+02   0.34927466E+02   0.32902486E-01   0.17902507E-01   0.47269138E+02   0.35673739E+01
  0.30000000E+02   0.23442288E+03   0.10890000E+07   0.97118928E+00   0.57337133E+00   0.48959685E+02   0.37431083E+02   0.28889937E-01   0.16876345E-01   0.47674633E+02   0.35124058E+01
  0.30000000E+02   0.25118864E+03   0.12600000E+07   0.97113405E+00   0.61327579E+00   0.48955219E+02   0.40005609E+02   0.25349119E-01   0.15866546E-01   0.48013580E+02   0.34575997E+01
  0.30000000E+02   0.26915348E+03   0.82400000E+06   0.97099543E+00   0.65706549E+00   0.48991596E+02   0.42858939E+02   0.22211185E-01   0.14927155E-01   0.48323937E+02   0.34166163E+01
  0.30000000E+02   0.28840315E+03   0.11100000E+07   0.97181341E+00   0.70381239E+00   0.48936512E+02   0.45880870E+02   0.19471109E-01   0.14031068E-01   0.48593944E+02   0.33690019E+01
  0.30000000E+02   0.30902954E+03   0.97100000E+06   0.97083990E+00   0.75391866E+00   0.48908448E+02   0.49187408E+02   0.17024438E-01   0.13166355E-01   0.48834930E+02   0.33344515E+01
  0.30000000E+02   0.33113112E+03   0.97200000E+06   0.97202637E+00   0.80621473E+00   0.48879958E+02   0.52570317E+02   0.14907205E-01   0.12341063E-01   0.49044210E+02   0.32973608E+01
  0.30000000E+02   0.35481339E+03   0.11020000E+07   0.97160051E+00   0.86391520E+00   0.48989019E+02   0.56326817E+02   0.13032665E-01   0.11576159E-01   0.49217041E+02   0.32646461E+01
  0.30000000E+02   0.38018940E+03   0.77800000E+06   0.97140875E+00   0.92631416E+00   0.48977788E+02   0.60400302E+02   0.11382592E-01   0.10856867E-01   0.49388488E+02   0.32373563E+01
  0.30000000E+02   0.40738028E+03   0.12420000E+07   0.97032084E+00   0.98991863E+00   0.48979279E+02   0.64598646E+02   0.99346279E-02   0.10146945E-01   0.49522738E+02   0.32107517E+01
  0.30000000E+02   0.43651583E+03   0.14020000E+07   0.97231064E+00   0.10610154E+01   0.48940188E+02   0.69271291E+02   0.86891382E-02   0.94957024E-02   0.49646939E+02   0.31892609E+01
  0.30000000E+02   0.46773514E+03   0.12870000E+07   0.97129618E+00   0.11381619E+01   0.48922060E+02   0.74195124E+02   0.75792840E-02   0.89007276E-02   0.49751987E+02   0.31698329E+01
  0.30000000E+02   0.50118723E+03   0.10520000E+07   0.97156052E+00   0.12196165E+01   0.48962408E+02   0.79538936E+02   0.66146697E-02   0.83267243E-02   0.49849287E+02   0.31558409E+01
  0.30000000E+02   0.53703180E+03   0.10730000E+07   0.97014040E+00   0.13059107E+01   0.48995454E+02   0.85124807E+02   0.57651489E-02   0.77878807E-02   0.49933203E+02   0.31355458E+01
  0.30000000E+02   0.57543994E+03   0.14360000E+07   0.97255319E+00   0.13986698E+01   0.48875703E+02   0.91263318E+02   0.50386332E-02   0.72746924E-02   0.50004307E+02   0.31229565E+01
  0.30000000E+02   0.61659500E+03   0.16190000E+07   0.97049437E+00   0.14967833E+01   0.48955063E+02   0.97689968E+02   0.43863446E-02   0.67942799E-02   0.50071588E+02   0.31138340E+01
  0.30000000E+02   0.66069345E+03   0.13470000E+07   0.97251482E+00   0.16047380E+01   0.48793159E+02   0.10477850E+03   0.38312354E-02   0.63527742E-02   0.50126357E+02   0.31033782E+01
  0.30000000E+02   0.70794578E+03   0.10470000E+07   0.97154886E+00   0.17180733E+01   0.48975703E+02   0.11222545E+03   0.33370585E-02   0.59309507E-02   0.50173185E+02   0.30921245E+01
  0.30000000E+02   0.75857758E+03   0.90700000E+06   0.96927001E+00   0.18414963E+01   0.49158609E+02   0.12014679E+03   0.29012132E-02   0.55430949E-02   0.50210384E+02   0.30881341E+01
  0.30000000E+02   0.81283052E+03   0.17700000E+07   0.96994033E+00   0.19738570E+01   0.49089132E+02   0.12883440E+03   0.25325194E-02   0.51809239E-02   0.50253729E+02   0.30777222E+01
  0.30000000E+02   0.87096359E+03   0.18320000E+07   0.97168982E+00   0.21149036E+01   0.48920103E+02   0.13798235E+03   0.22090024E-02   0.48383929E-02   0.50283280E+02   0.30729767E+01
  0.30000000E+02   0.93325430E+03   0.15370000E+07   0.96858088E+00   0.22643383E+01   0.49104819E+02   0.14781674E+03   0.19197910E-02   0.45165653E-02   0.50312914E+02   0.30668009E+01
  0.30000000E+02   0.10000000E+04   0.15670000E+07   0.97275234E+00   0.24279962E+01   0.48905192E+02   0.15834955E+03   0.16791466E-02   0.42199711E-02   0.50338999E+02   0.30607314E+01
