  0.10000000E+02   0.10000000E+01   0.79200000E+06   0.17910733E+01   0.56176722E-01   0.75539319E+01   0.33577026E+01   0.49985764E+00   0.17348454E-01   0.15121994E+01   0.19731652E+01
  0.10000000E+02   0.10715193E+01   0.76300000E+06   0.17911232E+01   0.56109515E-01   0.75484512E+01   0.33562055E+01   0.49982107E+00   0.17320574E-01   0.15173975E+01   0.19717800E+01
  0.10000000E+02   0.11481536E+01   0.76200000E+06   0.17911289E+01   0.56207970E-01   0.75503814E+01   0.33598300E+01   0.49978802E+00   0.17355801E-01   0.15194479E+01   0.19734709E+01
  0.10000000E+02   0.12302688E+01   0.79600000E+06   0.17910299E+01   0.56275808E-01   0.75531382E+01   0.33608174E+01   0.49978861E+00   0.17392324E-01   0.15206514E+01   0.19772589E+01
  0.10000000E+02   0.13182567E+01   0.75900000E+06   0.17909287E+01   0.56119957E-01   0.75598249E+01   0.33544014E+01   0.49976428E+00   0.17332959E-01   0.15221372E+01   0.19717299E+01
  0.10000000E+02   0.14125375E+01   0.81300000E+06   0.17910896E+01   0.56202038E-01   0.75487103E+01   0.33615342E+01   0.49971216E+00   0.17346231E-01   0.15288520E+01   0.19738146E+01
  0.10000000E+02   0.15135612E+01   0.11040000E+07   0.17911280E+01   0.56294468E-01   0.75500415E+01   0.33624599E+01   0.49966006E+00   0.17378641E-01   0.15322205E+01   0.19757404E+01
  0.10000000E+02   0.16218101E+01   0.10580000E+07   0.17910416E+01   0.56276169E-01   0.75547897E+01   0.33668940E+01   0.49960828E+00   0.17359102E-01   0.15369693E+01   0.19773618E+01
  0.10000000E+02   0.17378008E+01   0.59300000E+06   0.17909804E+01   0.56289607E-01   0.75554607E+01   0.33677927E+01   0.49958945E+00   0.17367167E-01   0.15401474E+01   0.19773165E+01
  0.10000000E+02   0.18620871E+01   0.76200000E+06   0.17909456E+01   0.56305175E-01   0.75569098E+01   0.33662128E+01   0.49951562E+00   0.17387589E-01   0.15476592E+01   0.19782153E+01
  0.10000000E+02   0.19952623E+01   0.10190000E+07   0.17911104E+01   0.56473344E-01   0.75476556E+01   0.33732187E+01   0.49939263E+00   0.17399814E-01   0.15602242E+01   0.19788063E+01
  0.10000000E+02   0.21379621E+01   0.11830000E+07   0.17910758E+01   0.56437550E-01   0.75476499E+01   0.33742855E+01   0.49933783E+00   0.17400049E-01   0.15665493E+01   0.19801176E+01
  0.10000000E+02   0.22908677E+01   0.82200000E+06   0.17910986E+01   0.56569404E-01   0.75477713E+01   0.33825245E+01   0.49920087E+00   0.17417108E-01   0.15792732E+01   0.19836966E+01
  0.10000000E+02   0.24547089E+01   0.78100000E+06   0.17910660E+01   0.56671583E-01   0.75523179E+01   0.33831617E+01   0.49911679E+00   0.17455006E-01   0.15859765E+01   0.19835179E+01
  0.10000000E+02   0.26302680E+01   0.87800000E+06   0.17911314E+01   0.56700047E-01   0.75495638E+01   0.33885040E+01   0.49897392E+00   0.17441115E-01   0.15995827E+01   0.19851316E+01
  0.10000000E+02   0.28183829E+01   0.60600000E+06   0.17910083E+01   0.56895553E-01   0.75548589E+01   0.33945731E+01   0.49886480E+00   0.17501088E-01   0.16108907E+01   0.19888071E+01
  0.10000000E+02   0.30199517E+01   0.38700000E+06   0.17911246E+01   0.56939631E-01   0.75491429E+01   0.33980500E+01   0.49865669E+00   0.17492626E-01   0.16312212E+01   0.19894020E+01
  0.10000000E+02   0.32359366E+01   0.72100000E+06   0.17911166E+01   0.57032983E-01   0.75491096E+01   0.34073444E+01   0.49845713E+00   0.17507522E-01   0.16509057E+01   0.19926902E+01
  0.10000000E+02   0.34673685E+01   0.78200000E+06   0.17910371E+01   0.57218115E-01   0.75526820E+01   0.34188599E+01   0.49825583E+00   0.17549105E-01   0.16708858E+01   0.19977762E+01
  0.10000000E+02   0.37153523E+01   0.81500000E+06   0.17910846E+01   0.57232038E-01   0.75539843E+01   0.34180902E+01   0.49799060E+00   0.17550625E-01   0.16949408E+01   0.19960382E+01
  0.10000000E+02   0.39810717E+01   0.12540000E+07   0.17910690E+01   0.57568403E-01   0.75506793E+01   0.34390639E+01   0.49768708E+00   0.17624428E-01   0.17268513E+01   0.20063620E+01
  0.10000000E+02   0.42657952E+01   0.10370000E+07   0.17911403E+01   0.57778467E-01   0.75480635E+01   0.34495633E+01   0.49733821E+00   0.17650146E-01   0.17605346E+01   0.20083652E+01
  0.10000000E+02   0.45708819E+01   0.76600000E+06   0.17910368E+01   0.58047866E-01   0.75561872E+01   0.34667784E+01   0.49697747E+00   0.17718371E-01   0.17942557E+01   0.20171233E+01
  0.10000000E+02   0.48977882E+01   0.71100000E+06   0.17911207E+01   0.58333799E-01   0.75486229E+01   0.34810893E+01   0.49653970E+00   0.17761826E-01   0.18390170E+01   0.20204603E+01
  0.10000000E+02   0.52480746E+01   0.71500000E+06   0.17911773E+01   0.58661914E-01   0.75453156E+01   0.35051536E+01   0.49599562E+00   0.17820391E-01   0.18925579E+01   0.20317115E+01
  0.10000000E+02   0.56234133E+01   0.10610000E+07   0.17909699E+01   0.59074161E-01   0.75584784E+01   0.35274032E+01   0.49546530E+00   0.17913929E-01   0.19429958E+01   0.20410019E+01
  0.10000000E+02   0.60255959E+01   0.79600000E+06   0.17910895E+01   0.59446309E-01   0.75507958E+01   0.35491442E+01   0.49475967E+00   0.17976168E-01   0.20130169E+01   0.20488382E+01
  0.10000000E+02   0.64565423E+01   0.80000000E+06   0.17909899E+01   0.59906595E-01   0.75547964E+01   0.35755001E+01   0.49403100E+00   0.18068757E-01   0.20850801E+01   0.20591706E+01
  0.10000000E+02   0.69183097E+01   0.92000000E+06   0.17910467E+01   0.60428706E-01   0.75474194E+01   0.36047687E+01   0.49312989E+00   0.18153428E-01   0.21759036E+01   0.20679728E+01
  0.10000000E+02   0.74131024E+01   0.80400000E+06   0.17910707E+01   0.61115806E-01   0.75514855E+01   0.36429823E+01   0.49213536E+00   0.18269731E-01   0.22703384E+01   0.20822058E+01
  0.10000000E+02   0.79432823E+01   0.85300000E+06   0.17909793E+01   0.61733064E-01   0.75517376E+01   0.36859421E+01   0.49100305E+00   0.18394704E-01   0.23838445E+01   0.21000694E+01
  0.10000000E+02   0.85113804E+01   0.82100000E+06   0.17910026E+01   0.62632193E-01   0.75547780E+01   0.37330713E+01   0.48968852E+00   0.18542549E-01   0.25102679E+01   0.21155693E+01
  0.10000000E+02   0.91201084E+01   0.65800000E+06   0.17909929E+01   0.63503711E-01   0.75566891E+01   0.37860585E+01   0.48818205E+00   0.18679307E-01   0.26570349E+01   0.21345447E+01
  0.10000000E+02   0.97723722E+01   0.10300000E+07   0.17910976E+01   0.64554167E-01   0.75510551E+01   0.38467295E+01   0.48646061E+00   0.18868337E-01   0.28261691E+01   0.21541502E+01
  0.10000000E+02   0.10471285E+02   0.79700000E+06   0.17911796E+01   0.65799568E-01   0.75478602E+01   0.39159661E+01   0.48449152E+00   0.19077009E-01   0.30186169E+01   0.21799521E+01
  0.10000000E+02   0.11220185E+02   0.80000000E+06   0.17910073E+01   0.67047557E-01   0.75529613E+01   0.39894786E+01   0.48232437E+00   0.19258311E-01   0.32329890E+01   0.22027806E+01
  0.10000000E+02   0.12022644E+02   0.93700000E+06   0.17910713E+01   0.68440473E-01   0.75488560E+01   0.40774521E+01   0.47982060E+00   0.19485258E-01   0.34784294E+01   0.22320794E+01
  0.10000000E+02   0.12882496E+02   0.96600000E+06   0.17909159E+01   0.70186673E-01   0.75564155E+01   0.41746208E+01   0.47697160E+00   0.19739748E-01   0.37580028E+01   0.22622324E+01
  0.10000000E+02   0.13803843E+02   0.10250000E+07   0.17911227E+01   0.72058431E-01   0.75490001E+01   0.42836817E+01   0.47368823E+00   0.20002599E-01   0.40782888E+01   0.22938968E+01
  0.10000000E+02   0.14791084E+02   0.90400000E+06   0.17910782E+01   0.74196028E-01   0.75516947E+01   0.44104050E+01   0.47005769E+00   0.20275660E-01   0.44337106E+01   0.23313070E+01
  0.10000000E+02   0.15848932E+02   0.67200000E+06   0.17909537E+01   0.76464234E-01   0.75577571E+01   0.45380894E+01   0.46591508E+00   0.20570011E-01   0.48400822E+01   0.23665754E+01
  0.10000000E+02   0.16982437E+02   0.66700000E+06   0.17908595E+01   0.78989438E-01   0.75660209E+01   0.46886846E+01   0.46123767E+00   0.20864312E-01   0.52964548E+01   0.24058820E+01
  0.10000000E+02   0.18197009E+02   0.55500000E+06   0.17910773E+01   0.81912830E-01   0.75516288E+01   0.48619253E+01   0.45597813E+00   0.21174670E-01   0.58138069E+01   0.24487741E+01
  0.10000000E+02   0.19498446E+02   0.95800000E+06   0.17909133E+01   0.85110643E-01   0.75598478E+01   0.50537967E+01   0.45014242E+00   0.21477567E-01   0.63858246E+01   0.24915653E+01
  0.10000000E+02   0.20892961E+02   0.77100000E+06   0.17910586E+01   0.88585571E-01   0.75496247E+01   0.52574455E+01   0.44351553E+00   0.21761948E-01   0.70360039E+01   0.25353726E+01
  0.10000000E+02   0.22387211E+02   0.65200000E+06   0.17907997E+01   0.92386424E-01   0.75666126E+01   0.54824842E+01   0.43624421E+00   0.22034797E-01   0.77468836E+01   0.25742850E+01
  0.10000000E+02   0.23988329E+02   0.76500000E+06   0.17910216E+01   0.96624297E-01   0.75565730E+01   0.57284093E+01   0.42804813E+00   0.22311209E-01   0.85499361E+01   0.26145492E+01
  0.10000000E+02   0.25703958E+02   0.70600000E+06   0.17911229E+01   0.10125587E+00   0.75436725E+01   0.60003922E+01   0.41910613E+00   0.22525817E-01   0.94299255E+01   0.26534622E+01
  0.10000000E+02   0.27542287E+02   0.11020000E+07   0.17911432E+01   0.10621562E+00   0.75431213E+01   0.62885441E+01   0.40932280E+00   0.22698012E-01   0.10388524E+02   0.26866457E+01
  0.10000000E+02   0.29512092E+02   0.92600000E+06   0.17910767E+01   0.11180470E+00   0.75489474E+01   0.66156910E+01   0.39856303E+00   0.22888210E-01   0.11441525E+02   0.27219969E+01
  0.10000000E+02   0.31622777E+02   0.11810000E+07   0.17911634E+01   0.11798085E+00   0.75424238E+01   0.69765283E+01   0.38686023E+00   0.22954748E-01   0.12589028E+02   0.27490860E+01
  0.10000000E+02   0.33884416E+02   0.10370000E+07   0.17910187E+01   0.12448321E+00   0.75480316E+01   0.73625028E+01   0.37426748E+00   0.22997592E-01   0.13824594E+02   0.27717819E+01
  0.10000000E+02   0.36307805E+02   0.10020000E+07   0.17911274E+01   0.13167551E+00   0.75457849E+01   0.77831204E+01   0.36075748E+00   0.22995126E-01   0.15146552E+02   0.27923356E+01
  0.10000000E+02   0.38904514E+02   0.12130000E+07   0.17909759E+01   0.13946596E+00   0.75588298E+01   0.82431299E+01   0.34643201E+00   0.22903880E-01   0.16548566E+02   0.28042432E+01
  0.10000000E+02   0.41686938E+02   0.70100000E+06   0.17912963E+01   0.14794661E+00   0.75411818E+01   0.87385954E+01   0.33129660E+00   0.22861446E-01   0.18031082E+02   0.28181119E+01
  0.10000000E+02   0.44668359E+02   0.90000000E+06   0.17910281E+01   0.15687440E+00   0.75565641E+01   0.92728843E+01   0.31545116E+00   0.22657453E-01   0.19585487E+02   0.28168064E+01
  0.10000000E+02   0.47863009E+02   0.90700000E+06   0.17911682E+01   0.16666154E+00   0.75485754E+01   0.98445646E+01   0.29901677E+00   0.22466451E-01   0.21195682E+02   0.28128744E+01
  0.10000000E+02   0.51286138E+02   0.83800000E+06   0.17911726E+01   0.17727473E+00   0.75488281E+01   0.10472183E+02   0.28207070E+00   0.22262014E-01   0.22856191E+02   0.28037279E+01
  0.10000000E+02   0.54954087E+02   0.11310000E+07   0.17913314E+01   0.18912962E+00   0.75379041E+01   0.11170151E+02   0.26490155E+00   0.22030614E-01   0.24539032E+02   0.27920567E+01
  0.10000000E+02   0.58884366E+02   0.10610000E+07   0.17907840E+01   0.20095040E+00   0.75607823E+01   0.11882057E+02   0.24756611E+00   0.21812355E-01   0.26239457E+02   0.27775292E+01
  0.10000000E+02   0.63095734E+02   0.10700000E+07   0.17909401E+01   0.21436780E+00   0.75595865E+01   0.12650675E+02   0.23026040E+00   0.21621620E-01   0.27933978E+02   0.27629582E+01
  0.10000000E+02   0.67608298E+02   0.10880000E+07   0.17913342E+01   0.22873329E+00   0.75384852E+01   0.13515511E+02   0.21312501E+00   0.21372813E-01   0.29613568E+02   0.27333168E+01
  0.10000000E+02   0.72443596E+02   0.11150000E+07   0.17910543E+01   0.24384547E+00   0.75550871E+01   0.14409819E+02   0.19637773E+00   0.21076849E-01   0.31254308E+02   0.27023812E+01
  0.10000000E+02   0.77624712E+02   0.11000000E+07   0.17913214E+01   0.26079869E+00   0.75376890E+01   0.15406135E+02   0.18006428E+00   0.20845758E-01   0.32854075E+02   0.26761426E+01
  0.10000000E+02   0.83176377E+02   0.11150000E+07   0.17911382E+01   0.27905415E+00   0.75512626E+01   0.16467749E+02   0.16437187E+00   0.20550330E-01   0.34390895E+02   0.26362627E+01
  0.10000000E+02   0.89125094E+02   0.11970000E+07   0.17914313E+01   0.29793488E+00   0.75262106E+01   0.17589327E+02   0.14948373E+00   0.20252524E-01   0.35851628E+02   0.25948154E+01
  0.10000000E+02   0.95499259E+02   0.11650000E+07   0.17906693E+01   0.31823531E+00   0.75696977E+01   0.18788299E+02   0.13534822E+00   0.19874375E-01   0.37236136E+02   0.25508140E+01
  0.10000000E+02   0.10232930E+03   0.12880000E+07   0.17908199E+01   0.34066390E+00   0.75701561E+01   0.20110438E+02   0.12209925E+00   0.19474821E-01   0.38533146E+02   0.24979334E+01
  0.10000000E+02   0.10964782E+03   0.11880000E+07   0.17910545E+01   0.36452578E+00   0.75532224E+01   0.21493071E+02   0.10974305E+00   0.19017340E-01   0.39743226E+02   0.24430834E+01
  0.10000000E+02   0.11748976E+03   0.82500000E+06   0.17904304E+01   0.38933318E+00   0.75796748E+01   0.22966862E+02   0.98313350E-01   0.18503268E-01   0.40865312E+02   0.23807629E+01
  0.10000000E+02   0.12589254E+03   0.10950000E+07   0.17908687E+01   0.41710079E+00   0.75451385E+01   0.24597038E+02   0.87854420E-01   0.17962783E-01   0.41892554E+02   0.23154652E+01
  0.10000000E+02   0.13489629E+03   0.12700000E+07   0.17911617E+01   0.44652108E+00   0.75306410E+01   0.26350496E+02   0.78258126E-01   0.17358276E-01   0.42832323E+02   0.22497058E+01
  0.10000000E+02   0.14454398E+03   0.10310000E+07   0.17911302E+01   0.47825171E+00   0.75420296E+01   0.28217748E+02   0.69544330E-01   0.16743517E-01   0.43686849E+02   0.21805563E+01
  0.10000000E+02   0.15488166E+03   0.13270000E+07   0.17904515E+01   0.51138870E+00   0.75795314E+01   0.30166427E+02   0.61646747E-01   0.16063855E-01   0.44459694E+02   0.21101324E+01
  0.10000000E+02   0.16595869E+03   0.88300000E+06   0.17911072E+01   0.54773731E+00   0.75640527E+01   0.32319447E+02   0.54568864E-01   0.15401352E-01   0.45151549E+02   0.20410846E+01
  0.10000000E+02   0.17782794E+03   0.12280000E+07   0.17911862E+01   0.58607215E+00   0.75595387E+01   0.34579571E+02   0.48203575E-01   0.14707604E-01   0.45775314E+02   0.19687712E+01
  0.10000000E+02   0.19054607E+03   0.10520000E+07   0.17914672E+01   0.62785505E+00   0.75130402E+01   0.37036975E+02   0.42494018E-01   0.14014615E-01   0.46336805E+02   0.19012328E+01
  0.10000000E+02   0.20417379E+03   0.11130000E+07   0.17902742E+01   0.67182326E+00   0.76140985E+01   0.39646298E+02   0.37402572E-01   0.13321862E-01   0.46833944E+02   0.18344079E+01
  0.10000000E+02   0.21877616E+03   0.10880000E+07   0.17918844E+01   0.71962743E+00   0.75142826E+01   0.42455664E+02   0.32914963E-01   0.12640563E-01   0.47272991E+02   0.17699661E+01
  0.10000000E+02   0.23442288E+03   0.12610000E+07   0.17917210E+01   0.77123169E+00   0.75166779E+01   0.45468991E+02   0.28905970E-01   0.11977534E-01   0.47667630E+02   0.17082544E+01
  0.10000000E+02   0.25118864E+03   0.96800000E+06   0.17919549E+01   0.82663567E+00   0.75316665E+01   0.48764018E+02   0.25364043E-01   0.11320897E-01   0.48014584E+02   0.16484391E+01
  0.10000000E+02   0.26915348E+03   0.19320000E+07   0.17912414E+01   0.88589171E+00   0.75530099E+01   0.52245894E+02   0.22224436E-01   0.10692980E-01   0.48321520E+02   0.15940632E+01
  0.10000000E+02   0.28840315E+03   0.12280000E+07   0.17922090E+01   0.94782006E+00   0.74966286E+01   0.55900339E+02   0.19481017E-01   0.10074046E-01   0.48590566E+02   0.15404151E+01
  0.10000000E+02   0.30902954E+03   0.16080000E+07   0.17893065E+01   0.10151898E+01   0.76534049E+01   0.59924056E+02   0.17018647E-01   0.94759256E-02   0.48833127E+02   0.14901031E+01
  0.10000000E+02   0.33113112E+03   0.15260000E+07   0.17913542E+01   0.10871068E+01   0.75646871E+01   0.64143567E+02   0.14905374E-01   0.89112152E-02   0.49038866E+02   0.14464240E+01
  0.10000000E+02   0.35481339E+03   0.17420000E+07   0.17921462E+01   0.11654540E+01   0.75037071E+01   0.68696606E+02   0.13036208E-01   0.83749380E-02   0.49222772E+02   0.14048935E+01
  0.10000000E+02   0.38018940E+03   0.18310000E+07   0.17907625E+01   0.12485680E+01   0.75234816E+01   0.73649843E+02   0.11383641E-01   0.78660313E-02   0.49386001E+02   0.13677001E+01
  0.10000000E+02   0.40738028E+03   0.15420000E+07   0.17904332E+01   0.13376153E+01   0.76199823E+01   0.78883306E+02   0.99412391E-02   0.73784752E-02   0.49524653E+02   0.13330446E+01
  0.10000000E+02   0.43651583E+03   0.17490000E+07   0.17886782E+01   0.14327662E+01   0.76654649E+01   0.84518382E+02   0.86721620E-02   0.69156641E-02   0.49649659E+02   0.13004769E+01
  0.10000000E+02   0.46773514E+03   0.80000000E+06   0.17929431E+01   0.15346656E+01   0.75242127E+01   0.90570199E+02   0.75863971E-02   0.64752037E-02   0.49755179E+02   0.12721852E+01
  0.10000000E+02   0.50118723E+03   0.13180000E+07   0.17928597E+01   0.16460851E+01   0.74487037E+01   0.97081233E+02   0.66211963E-02   0.60702523E-02   0.49849740E+02   0.12466173E+01
  0.10000000E+02   0.53703180E+03   0.15510000E+07   0.17917157E+01   0.17641735E+01   0.75049986E+01   0.10403884E+03   0.57726096E-02   0.56850144E-02   0.49933347E+02   0.12245459E+01
  0.10000000E+02   0.57543994E+03   0.13170000E+07   0.17884801E+01   0.18886406E+01   0.76649813E+01   0.11140165E+03   0.50258285E-02   0.53152172E-02   0.50006613E+02   0.12030568E+01
  0.10000000E+02   0.61659500E+03   0.16910000E+07   0.17908948E+01   0.20237475E+01   0.75276490E+01   0.11940994E+03   0.43897288E-02   0.49736815E-02   0.50070166E+02   0.11849829E+01
  0.10000000E+02   0.66069345E+03   0.17920000E+07   0.17912370E+01   0.21673567E+01   0.75095044E+01   0.12790411E+03   0.38286732E-02   0.46497026E-02   0.50124696E+02   0.11695646E+01
  0.10000000E+02   0.70794578E+03   0.13950000E+07   0.17930624E+01   0.23211475E+01   0.74203739E+01   0.13703935E+03   0.33407266E-02   0.43418829E-02   0.50173679E+02   0.11526689E+01
  0.10000000E+02   0.75857758E+03   0.16930000E+07   0.17874876E+01   0.24892599E+01   0.77623206E+01   0.14687723E+03   0.29027822E-02   0.40641904E-02   0.50215131E+02   0.11411455E+01
  0.10000000E+02   0.81283052E+03   0.16200000E+07   0.17900786E+01   0.26675771E+01   0.76793695E+01   0.15736176E+03   0.25339964E-02   0.37982759E-02   0.50250873E+02   0.11306747E+01
  0.10000000E+02   0.87096359E+03   0.15960000E+07   0.17902302E+01   0.28578806E+01   0.76398538E+01   0.16859359E+03   0.22081549E-02   0.35483141E-02   0.50284589E+02   0.11187906E+01
  0.10000000E+02   0.93325430E+03   0.22200000E+07   0.17901895E+01   0.30605218E+01   0.76435485E+01   0.18056008E+03   0.19243544E-02   0.33128910E-02   0.50311927E+02   0.11105009E+01
  0.10000000E+02   0.10000000E+04   0.24480000E+07   0.17872607E+01   0.32810075E+01   0.77327290E+01   0.19367231E+03   0.16741427E-02   0.30964080E-02   0.50336129E+02   0.11030335E+01
